1.000000000000000000e+00 6.159982456140349338e-01 7.032829999999998805e-01
2.000000000000000000e+00 7.055129824561403584e-01 7.146177500000000515e-01
3.000000000000000000e+00 7.131183625730994624e-01 6.860622499999999846e-01
4.000000000000000000e+00 7.176175438596491540e-01 6.377787499999999499e-01
5.000000000000000000e+00 7.190897660818713621e-01 6.533579999999999943e-01
6.000000000000000000e+00 7.213609941520466862e-01 6.798879999999999368e-01
7.000000000000000000e+00 7.294883040935671303e-01 7.191427499999999418e-01
8.000000000000000000e+00 7.343114035087719982e-01 6.580255000000000409e-01
9.000000000000000000e+00 7.369506432748538227e-01 6.745590000000000197e-01
1.000000000000000000e+01 7.499574853801170837e-01 5.957434999999999814e-01
1.100000000000000000e+01 7.507890058479532724e-01 4.903079999999999661e-01
1.200000000000000000e+01 7.441040350877194953e-01 6.725197499999999717e-01
1.300000000000000000e+01 7.492017543859648132e-01 6.986177499999999263e-01
1.400000000000000000e+01 7.457355555555555959e-01 4.865842499999999404e-01
1.500000000000000000e+01 7.618440350877193623e-01 6.393237500000000795e-01
1.600000000000000000e+01 7.565249707602339502e-01 6.428472499999999812e-01
1.700000000000000000e+01 7.595298245614036103e-01 4.756227500000000941e-01
1.800000000000000000e+01 7.538709356725146193e-01 6.216612500000000541e-01
1.900000000000000000e+01 7.639003508771931017e-01 7.412729999999999597e-01
2.000000000000000000e+01 7.596674269005847524e-01 5.145024999999998627e-01
2.100000000000000000e+01 7.708917543859650223e-01 7.035572500000000229e-01
2.200000000000000000e+01 7.656923391812866520e-01 7.000990000000000268e-01
2.300000000000000000e+01 7.708094152046783831e-01 6.605772500000000047e-01
2.400000000000000000e+01 7.716842105263158613e-01 6.851722500000000382e-01
2.500000000000000000e+01 7.728883040935671245e-01 7.332122500000000098e-01
2.600000000000000000e+01 7.636908187134502368e-01 6.042707500000000786e-01
2.700000000000000000e+01 7.708315204678362065e-01 6.850877499999999953e-01
2.800000000000000000e+01 7.728767251461988730e-01 6.466589999999999838e-01
2.900000000000000000e+01 7.709629239766080389e-01 7.050057499999999866e-01
3.000000000000000000e+01 7.809466666666666779e-01 5.906172499999999825e-01
3.100000000000000000e+01 7.726375438596492229e-01 5.685537499999999689e-01
3.200000000000000000e+01 7.800332748538012506e-01 6.126252500000000101e-01
3.300000000000000000e+01 7.698569590643272731e-01 6.919904999999999529e-01
3.400000000000000000e+01 7.857166081871346242e-01 6.329587500000000144e-01
3.500000000000000000e+01 7.851746198830410473e-01 6.363497499999999363e-01
3.600000000000000000e+01 7.893712865497077846e-01 6.162512500000001392e-01
3.700000000000000000e+01 7.860773684210525802e-01 6.880905000000000493e-01
3.800000000000000000e+01 7.798713450292399374e-01 7.289707500000000007e-01
3.900000000000000000e+01 7.785129239766082065e-01 6.694234999999999491e-01
4.000000000000000000e+01 7.828653216374270585e-01 5.331749999999999545e-01
4.100000000000000000e+01 7.882461988304092504e-01 7.068377499999999314e-01
4.200000000000000000e+01 7.794796491228068724e-01 7.294727500000000031e-01
4.300000000000000000e+01 7.902052046783627492e-01 7.125225000000000586e-01
4.400000000000000000e+01 7.907984210526315394e-01 5.127097500000000752e-01
4.500000000000000000e+01 7.928935087719296559e-01 6.357434999999999059e-01
4.600000000000000000e+01 7.933432748538011836e-01 6.647440000000000015e-01
4.700000000000000000e+01 7.808407602339181297e-01 7.223629999999999773e-01
4.800000000000000000e+01 7.904798830409356380e-01 6.600377500000000897e-01
4.900000000000000000e+01 7.853471345029240380e-01 6.644599999999999396e-01
5.000000000000000000e+01 7.854204678362570746e-01 7.044462500000000515e-01
5.100000000000000000e+01 7.940928070175439224e-01 7.050817500000000626e-01
5.200000000000000000e+01 8.003963742690058947e-01 7.500184999999999214e-01
5.300000000000000000e+01 7.927930409356724883e-01 6.507262500000000616e-01
5.400000000000000000e+01 7.952452631578947884e-01 6.979707499999999731e-01
5.500000000000000000e+01 7.935599415204679374e-01 4.369300000000000406e-01
5.600000000000000000e+01 8.002518128654970697e-01 5.911312499999999970e-01
5.700000000000000000e+01 7.957016959064326933e-01 5.465002500000000207e-01
5.800000000000000000e+01 7.907487134502924064e-01 6.951857499999999357e-01
5.900000000000000000e+01 7.969256140350877704e-01 5.422792500000002125e-01
6.000000000000000000e+01 7.892515789473685262e-01 5.017269999999999230e-01
