1.000000000000000000e+00 6.870841118012418480e-01 6.442963500000000732e-01
2.000000000000000000e+00 7.298952919254655392e-01 6.777193999999999718e-01
3.000000000000000000e+00 7.678706956521735849e-01 7.095814999999999761e-01
4.000000000000000000e+00 7.862859254658384200e-01 7.051478000000001023e-01
5.000000000000000000e+00 7.945788322981363061e-01 7.009074500000000985e-01
6.000000000000000000e+00 8.094781863354036933e-01 7.346210500000001087e-01
7.000000000000000000e+00 8.162144968944098355e-01 6.608174500000002505e-01
8.000000000000000000e+00 8.249606335403725232e-01 6.509902999999999107e-01
9.000000000000000000e+00 8.312882360248449176e-01 7.402234999999999232e-01
1.000000000000000000e+01 8.371975652173914151e-01 7.405531499999999934e-01
1.100000000000000000e+01 8.395834906832297939e-01 7.106368999999999048e-01
1.200000000000000000e+01 8.498664472049689556e-01 6.450905499999999293e-01
1.300000000000000000e+01 8.513607453416147663e-01 6.684959499999998389e-01
1.400000000000000000e+01 8.573968819875775749e-01 7.015133999999998426e-01
1.500000000000000000e+01 8.669458509316767536e-01 7.191465999999999692e-01
1.600000000000000000e+01 8.674704720496894117e-01 6.394057000000000768e-01
1.700000000000000000e+01 8.678152049689441538e-01 7.289765999999999746e-01
1.800000000000000000e+01 8.684851677018634586e-01 7.399138000000000659e-01
1.900000000000000000e+01 8.701812546583851393e-01 6.892779499999999171e-01
2.000000000000000000e+01 8.742460496894408628e-01 6.155546499999997589e-01
2.100000000000000000e+01 8.782089440993787743e-01 7.245795999999999903e-01
2.200000000000000000e+01 8.746628322981367942e-01 6.903070000000000039e-01
2.300000000000000000e+01 8.803029192546584225e-01 6.084037499999999099e-01
2.400000000000000000e+01 8.857153664596273401e-01 6.929106000000000432e-01
2.500000000000000000e+01 8.923231304347826187e-01 6.407981000000000371e-01
2.600000000000000000e+01 8.979731428571426921e-01 7.436397999999999620e-01
2.700000000000000000e+01 8.945006459627329320e-01 6.193189499999998127e-01
2.800000000000000000e+01 9.006137018633540992e-01 6.627091499999998581e-01
2.900000000000000000e+01 9.003484347826087308e-01 5.729804499999998635e-01
3.000000000000000000e+01 8.940667950310560164e-01 6.771269999999999234e-01
3.100000000000000000e+01 9.032039875776396443e-01 5.601901000000000241e-01
3.200000000000000000e+01 9.006942732919256400e-01 6.715003499999998571e-01
3.300000000000000000e+01 9.089979254658383523e-01 7.427640500000001200e-01
3.400000000000000000e+01 9.035745590062110866e-01 6.469553500000000401e-01
3.500000000000000000e+01 9.132258757763974666e-01 6.481222499999998998e-01
3.600000000000000000e+01 9.061439627329190838e-01 7.018668999999999603e-01
3.700000000000000000e+01 9.127638509316770010e-01 6.772366499999997735e-01
3.800000000000000000e+01 9.132510559006211670e-01 6.515663499999999608e-01
3.900000000000000000e+01 9.162619254658385115e-01 6.510167499999995888e-01
4.000000000000000000e+01 9.178608819875776481e-01 7.100106999999999946e-01
4.100000000000000000e+01 9.178716149068322228e-01 6.735837499999998146e-01
4.200000000000000000e+01 9.196270434782608527e-01 7.120999500000000371e-01
4.300000000000000000e+01 9.179136397515528234e-01 6.693922999999999401e-01
4.400000000000000000e+01 9.211410559006211196e-01 7.211031500000000261e-01
4.500000000000000000e+01 9.180448571428572180e-01 7.299730999999999304e-01
4.600000000000000000e+01 9.242857888198758864e-01 7.038815499999999670e-01
4.700000000000000000e+01 9.275436521739131024e-01 5.523598999999996817e-01
4.800000000000000000e+01 9.256672298136645605e-01 5.588362999999999525e-01
4.900000000000000000e+01 9.271571055900621472e-01 6.981800000000000228e-01
5.000000000000000000e+01 9.254365341614907425e-01 7.647153499999997939e-01
5.100000000000000000e+01 9.273840372670806298e-01 7.182919000000000942e-01
5.200000000000000000e+01 9.266578633540372145e-01 7.470658999999999494e-01
5.300000000000000000e+01 9.279692670807453414e-01 5.343303500000000650e-01
5.400000000000000000e+01 9.312879006211179922e-01 6.366640500000000369e-01
5.500000000000000000e+01 9.303208819875776747e-01 6.613533000000000328e-01
5.600000000000000000e+01 9.306824347826087029e-01 6.993075500000001110e-01
5.700000000000000000e+01 9.363933416149067268e-01 7.285232999999999848e-01
5.800000000000000000e+01 9.215188447204968325e-01 7.340471000000000634e-01
5.900000000000000000e+01 9.323533788819876600e-01 6.545556500000000444e-01
6.000000000000000000e+01 9.372528198757763551e-01 6.912037500000000056e-01
6.100000000000000000e+01 9.270723602484471915e-01 6.029522500000001894e-01
6.200000000000000000e+01 9.350709068322980988e-01 6.604939499999999963e-01
6.300000000000000000e+01 9.365298385093169253e-01 6.842437999999999576e-01
6.400000000000000000e+01 9.279397763975155700e-01 6.909726500000001881e-01
6.500000000000000000e+01 9.308287826086956152e-01 6.647276500000000032e-01
6.600000000000000000e+01 9.362470559006210724e-01 7.635522500000000434e-01
6.700000000000000000e+01 9.398776273291925554e-01 6.617450500000000568e-01
6.800000000000000000e+01 9.423353167701863375e-01 6.524692000000001935e-01
6.900000000000000000e+01 9.431801987577639323e-01 7.037412499999997628e-01
7.000000000000000000e+01 9.411709068322982041e-01 7.612823500000001076e-01
7.100000000000000000e+01 9.429954285714284845e-01 6.594427999999998846e-01
7.200000000000000000e+01 9.433081490683229431e-01 6.089962999999998239e-01
7.300000000000000000e+01 9.357395403726708194e-01 5.515483999999999387e-01
7.400000000000000000e+01 9.341264844720496008e-01 7.139379500000000434e-01
7.500000000000000000e+01 9.435120869565217783e-01 6.678609499999998977e-01
7.600000000000000000e+01 9.429973788819876468e-01 7.351779000000000508e-01
7.700000000000000000e+01 9.447915900621118857e-01 7.358275499999997749e-01
7.800000000000000000e+01 9.469925093167701480e-01 6.291122000000000103e-01
7.900000000000000000e+01 9.473758881987578429e-01 6.358300000000003394e-01
8.000000000000000000e+01 9.382235031055899954e-01 7.455148000000002551e-01
8.100000000000000000e+01 9.426634906832297434e-01 5.903126999999999125e-01
8.200000000000000000e+01 9.319271428571429539e-01 5.953241000000002447e-01
8.300000000000000000e+01 9.455479999999999441e-01 6.185125999999999680e-01
8.400000000000000000e+01 9.485785341614907384e-01 7.304224999999999746e-01
8.500000000000000000e+01 9.491117391304347839e-01 6.111498500000001055e-01
8.600000000000000000e+01 9.497394534161490709e-01 6.975887499999999797e-01
8.700000000000000000e+01 9.489855776397515541e-01 7.113424500000000705e-01
8.800000000000000000e+01 9.478820372670807570e-01 6.768295500000002241e-01
8.900000000000000000e+01 9.462328322981367057e-01 7.284437499999998344e-01
9.000000000000000000e+01 9.507112422360248782e-01 6.241769999999999818e-01
9.100000000000000000e+01 9.526541614906831601e-01 6.785424999999999374e-01
9.200000000000000000e+01 9.519101987577639479e-01 7.111072499999999685e-01
9.300000000000000000e+01 9.526716645962732821e-01 6.657913500000001150e-01
9.400000000000000000e+01 9.528497391304348030e-01 6.292772000000004251e-01
9.500000000000000000e+01 9.533081242236025599e-01 7.484270500000000936e-01
9.600000000000000000e+01 9.394170062111801833e-01 6.567158000000002938e-01
9.700000000000000000e+01 9.516172298136645891e-01 7.109848499999998905e-01
9.800000000000000000e+01 9.508043105590061606e-01 6.675967000000000429e-01
9.900000000000000000e+01 9.496599503105590534e-01 7.197297000000000278e-01
1.000000000000000000e+02 9.534963602484473055e-01 6.672632999999998926e-01
1.010000000000000000e+02 9.540483850931676946e-01 6.936768999999999297e-01
1.020000000000000000e+02 9.516642857142856293e-01 6.993369000000001501e-01
1.030000000000000000e+02 9.532239999999999602e-01 6.376110999999999862e-01
1.040000000000000000e+02 9.555344596273291913e-01 6.396538999999999975e-01
1.050000000000000000e+02 9.558948695652174088e-01 7.755441999999999059e-01
1.060000000000000000e+02 9.568585341614906925e-01 6.591021500000001643e-01
1.070000000000000000e+02 9.568505093167701814e-01 7.750983500000001580e-01
1.080000000000000000e+02 9.541826956521738401e-01 7.784135999999999278e-01
1.090000000000000000e+02 9.574971428571428245e-01 6.883538000000000157e-01
1.100000000000000000e+02 9.566871677018633502e-01 7.081902000000001030e-01
1.110000000000000000e+02 9.564331055900621159e-01 6.957252499999997397e-01
1.120000000000000000e+02 9.580626211180124363e-01 7.380572500000001090e-01
1.130000000000000000e+02 9.522296894409937318e-01 5.325087499999998641e-01
1.140000000000000000e+02 9.450949937888198926e-01 6.637752999999997350e-01
1.150000000000000000e+02 9.460008695652174504e-01 6.641603000000000367e-01
1.160000000000000000e+02 9.536742360248446904e-01 6.151210500000000581e-01
1.170000000000000000e+02 9.445288198757764153e-01 6.447575999999999308e-01
1.180000000000000000e+02 9.543140124223602472e-01 6.740403500000002879e-01
1.190000000000000000e+02 9.550786583850930933e-01 5.925707499999999239e-01
1.200000000000000000e+02 9.570990062111801588e-01 6.420902500000001956e-01
1.210000000000000000e+02 9.578328695652174041e-01 7.276121500000001241e-01
1.220000000000000000e+02 9.580092670807454081e-01 6.399180000000002089e-01
1.230000000000000000e+02 9.585437267080745283e-01 6.963323999999999625e-01
1.240000000000000000e+02 9.581290186335403858e-01 7.524913500000001143e-01
1.250000000000000000e+02 9.603853043478260965e-01 6.323248999999995235e-01
1.260000000000000000e+02 9.598756521739130187e-01 7.673824999999999674e-01
1.270000000000000000e+02 9.605419006211179944e-01 5.063893999999997675e-01
1.280000000000000000e+02 9.535973913043478412e-01 6.533051999999999193e-01
1.290000000000000000e+02 9.580891801242236161e-01 7.000797000000000825e-01
1.300000000000000000e+02 9.591194285714285117e-01 7.364783999999999775e-01
1.310000000000000000e+02 9.608532546583851142e-01 6.632336500000000079e-01
1.320000000000000000e+02 9.603173416149067831e-01 7.456950000000001078e-01
1.330000000000000000e+02 9.604192795031055718e-01 7.284796000000000049e-01
1.340000000000000000e+02 9.620640248447204224e-01 6.783086000000000393e-01
1.350000000000000000e+02 9.620902732919255351e-01 7.644095499999999932e-01
1.360000000000000000e+02 9.621873788819875761e-01 5.728527500000002437e-01
1.370000000000000000e+02 9.619195652173913036e-01 6.563480499999998496e-01
1.380000000000000000e+02 9.579063850931677226e-01 6.774799500000000529e-01
1.390000000000000000e+02 9.619667826086957252e-01 6.713021499999999309e-01
1.400000000000000000e+02 9.634582608695652084e-01 7.578091499999999314e-01
1.410000000000000000e+02 9.631421739130434645e-01 5.610700499999998758e-01
1.420000000000000000e+02 9.622821614906832410e-01 7.191277000000000363e-01
1.430000000000000000e+02 9.557034534161490402e-01 5.315577499999997180e-01
1.440000000000000000e+02 9.572367577639752101e-01 5.697361000000000786e-01
1.450000000000000000e+02 9.298101614906832957e-01 7.261328999999998590e-01
1.460000000000000000e+02 9.555780993788820510e-01 6.743358500000000699e-01
1.470000000000000000e+02 9.597236521739130888e-01 7.369874499999999884e-01
1.480000000000000000e+02 9.602967329192546586e-01 7.452694000000000818e-01
1.490000000000000000e+02 9.623736894409937737e-01 6.484111500000001582e-01
1.500000000000000000e+02 9.601028819875776499e-01 7.461304999999999188e-01
1.510000000000000000e+02 9.619957763975155451e-01 6.836953500000000350e-01
1.520000000000000000e+02 9.633265217391304702e-01 7.117756499999999820e-01
1.530000000000000000e+02 9.634689565217391394e-01 7.113456999999998587e-01
1.540000000000000000e+02 9.638334161490683671e-01 7.397989499999998442e-01
1.550000000000000000e+02 9.636315527950309878e-01 6.754877500000000534e-01
1.560000000000000000e+02 9.647421366459627556e-01 6.258210999999999080e-01
1.570000000000000000e+02 9.649453540372671112e-01 7.638192499999999496e-01
1.580000000000000000e+02 9.645434285714284961e-01 7.327276499999999526e-01
1.590000000000000000e+02 9.653908074534162109e-01 7.140031499999999198e-01
1.600000000000000000e+02 9.648804720496894083e-01 6.712158499999998362e-01
1.610000000000000000e+02 9.653410559006211367e-01 7.170755500000000060e-01
1.620000000000000000e+02 9.644383354037266987e-01 6.772559500000001620e-01
1.630000000000000000e+02 9.646173788819876194e-01 6.490879499999997471e-01
1.640000000000000000e+02 9.646587577639751387e-01 6.059089499999998907e-01
1.650000000000000000e+02 9.666861118012423093e-01 5.753648000000000096e-01
1.660000000000000000e+02 9.664866832298136812e-01 7.534810499999999855e-01
1.670000000000000000e+02 9.663641118012422648e-01 7.378874499999998893e-01
1.680000000000000000e+02 9.654727701863353717e-01 7.537052500000001043e-01
1.690000000000000000e+02 9.660247453416148655e-01 7.517812500000000675e-01
1.700000000000000000e+02 9.643840993788820315e-01 6.830176500000000317e-01
1.710000000000000000e+02 9.637072049689441311e-01 6.533065999999999596e-01
1.720000000000000000e+02 9.661754534161490771e-01 6.480137999999999732e-01
1.730000000000000000e+02 9.660159378881987280e-01 6.485896500000001286e-01
1.740000000000000000e+02 9.632912049689441591e-01 6.927075999999998679e-01
1.750000000000000000e+02 9.664394161490683643e-01 7.512161499999998604e-01
1.760000000000000000e+02 9.641449316770186462e-01 5.080518000000000534e-01
1.770000000000000000e+02 9.668014409937888409e-01 7.388786000000000520e-01
1.780000000000000000e+02 9.667031925465837672e-01 7.319653999999997662e-01
1.790000000000000000e+02 9.673104596273292000e-01 6.941769499999999038e-01
1.800000000000000000e+02 9.674224844720495931e-01 6.289614999999999512e-01
1.810000000000000000e+02 9.675052546583851054e-01 7.153605999999999021e-01
1.820000000000000000e+02 9.675601490683229944e-01 6.909299500000001260e-01
1.830000000000000000e+02 9.676600372670808303e-01 5.905598000000000791e-01
1.840000000000000000e+02 9.684410559006211283e-01 7.013246000000000757e-01
1.850000000000000000e+02 9.682536521739130153e-01 6.368652499999998273e-01
1.860000000000000000e+02 9.688441739130434494e-01 6.317431000000000019e-01
1.870000000000000000e+02 9.682676521739130848e-01 6.524381500000000500e-01
1.880000000000000000e+02 9.684508571428571688e-01 6.407717000000001661e-01
1.890000000000000000e+02 9.686735155279503351e-01 6.970329999999999027e-01
1.900000000000000000e+02 9.694963975155279634e-01 6.536344000000001708e-01
1.910000000000000000e+02 9.697469316770186420e-01 7.588075999999999155e-01
1.920000000000000000e+02 9.694760496894410107e-01 6.697097499999998815e-01
1.930000000000000000e+02 9.695107080745342110e-01 6.929108499999999671e-01
1.940000000000000000e+02 9.694579254658385326e-01 5.989401500000000045e-01
1.950000000000000000e+02 9.701517639751552347e-01 7.509431500000001147e-01
1.960000000000000000e+02 9.707745093167702288e-01 6.915795000000000137e-01
1.970000000000000000e+02 9.703533416149068280e-01 7.005126999999999882e-01
1.980000000000000000e+02 9.705618633540372686e-01 6.136774000000000395e-01
1.990000000000000000e+02 9.705204844720497492e-01 6.893674000000000746e-01
2.000000000000000000e+02 9.708801242236024809e-01 7.146756999999999138e-01
2.010000000000000000e+02 9.708544472049689400e-01 6.756750999999999729e-01
2.020000000000000000e+02 9.695692422360248086e-01 7.506207999999998659e-01
2.030000000000000000e+02 9.699798757763974377e-01 7.550065000000001358e-01
2.040000000000000000e+02 9.702253664596273142e-01 7.271233500000000571e-01
2.050000000000000000e+02 9.671618633540371990e-01 6.777943999999997970e-01
2.060000000000000000e+02 9.678036521739130649e-01 6.880932499999999896e-01
2.070000000000000000e+02 9.694021863354036483e-01 6.121746999999999606e-01
2.080000000000000000e+02 9.698609068322981974e-01 7.082614000000000409e-01
2.090000000000000000e+02 9.702904596273291826e-01 7.229099500000000234e-01
2.100000000000000000e+02 9.663653167701863334e-01 7.257518000000000580e-01
2.110000000000000000e+02 9.679697639751553284e-01 7.853546499999999320e-01
2.120000000000000000e+02 9.695801490683230162e-01 7.452438999999999591e-01
2.130000000000000000e+02 9.699978260869565050e-01 6.488608499999998225e-01
2.140000000000000000e+02 9.709724968944098977e-01 7.419762000000000857e-01
2.150000000000000000e+02 9.703954782608695817e-01 7.464005499999999405e-01
2.160000000000000000e+02 9.707932173913044194e-01 7.364725999999999217e-01
2.170000000000000000e+02 9.716057763975155526e-01 7.145896999999999943e-01
2.180000000000000000e+02 9.693883229813664570e-01 6.687843500000001384e-01
2.190000000000000000e+02 9.694061118012422540e-01 7.606832500000001440e-01
2.200000000000000000e+02 9.710812173913043743e-01 7.207664000000001403e-01
2.210000000000000000e+02 9.702593913043477958e-01 7.416935999999999529e-01
2.220000000000000000e+02 9.706259503105589825e-01 6.980927499999998176e-01
2.230000000000000000e+02 9.719752298136645763e-01 7.428808499999999260e-01
2.240000000000000000e+02 9.724852422360248383e-01 7.532948499999999603e-01
2.250000000000000000e+02 9.718860745341614260e-01 6.342917999999997392e-01
2.260000000000000000e+02 9.718390186335403857e-01 6.711028000000001104e-01
2.270000000000000000e+02 9.721088198757763532e-01 7.275909000000000404e-01
2.280000000000000000e+02 9.724125590062111524e-01 6.957750000000000323e-01
2.290000000000000000e+02 9.723990807453416485e-01 6.985309000000000657e-01
2.300000000000000000e+02 9.724326583850931849e-01 7.555665500000000590e-01
2.310000000000000000e+02 9.725380993788820261e-01 6.884110500000001354e-01
2.320000000000000000e+02 9.725156521739130033e-01 6.879595500000001973e-01
2.330000000000000000e+02 9.724213291925466462e-01 7.305690000000000239e-01
2.340000000000000000e+02 9.721010062111801187e-01 6.452650000000001995e-01
2.350000000000000000e+02 9.718807826086957036e-01 7.355074999999999807e-01
2.360000000000000000e+02 9.701151428571428426e-01 7.575199499999997199e-01
2.370000000000000000e+02 9.715253416149068899e-01 6.494956999999998981e-01
2.380000000000000000e+02 9.720657639751553170e-01 6.890713500000000824e-01
2.390000000000000000e+02 9.726502360248446832e-01 6.830708999999999254e-01
2.400000000000000000e+02 9.724672670807453789e-01 7.549562499999999954e-01
2.410000000000000000e+02 9.727951055900621036e-01 7.621813000000000615e-01
2.420000000000000000e+02 9.730932919254657865e-01 7.545265500000000181e-01
2.430000000000000000e+02 9.724542360248447093e-01 7.021394499999997763e-01
2.440000000000000000e+02 9.724334782608695660e-01 6.646028500000000783e-01
2.450000000000000000e+02 9.730942857142856894e-01 7.490053500000000142e-01
2.460000000000000000e+02 9.737088944099379084e-01 7.278155500000000888e-01
2.470000000000000000e+02 9.721069689440993145e-01 6.009176000000000517e-01
2.480000000000000000e+02 9.726906832298136685e-01 7.417480499999999921e-01
2.490000000000000000e+02 9.728925838509316915e-01 6.781169999999998588e-01
2.500000000000000000e+02 9.740662484472050187e-01 7.858876999999999668e-01
2.510000000000000000e+02 9.742060869565216663e-01 7.216503000000000778e-01
2.520000000000000000e+02 9.736625093167702305e-01 7.014025999999997651e-01
2.530000000000000000e+02 9.734923105590062020e-01 5.913520499999999069e-01
2.540000000000000000e+02 9.739344596273291632e-01 7.123531499999998795e-01
2.550000000000000000e+02 9.743120124223602074e-01 7.505955000000000821e-01
2.560000000000000000e+02 9.746555652173912732e-01 6.976053500000001240e-01
2.570000000000000000e+02 9.742073788819876068e-01 6.600878499999998095e-01
2.580000000000000000e+02 9.740373913043478549e-01 7.640297499999998410e-01
2.590000000000000000e+02 9.747909689440993342e-01 7.324953000000000713e-01
2.600000000000000000e+02 9.735246335403726636e-01 7.050545999999999758e-01
2.610000000000000000e+02 9.740272670807453848e-01 7.887306499999999776e-01
2.620000000000000000e+02 9.747742484472049496e-01 7.426865500000000564e-01
2.630000000000000000e+02 9.745154906832298458e-01 6.771756999999999360e-01
2.640000000000000000e+02 9.747736521739130966e-01 6.643469999999999098e-01
2.650000000000000000e+02 9.741675776397515918e-01 7.888661000000000145e-01
2.660000000000000000e+02 9.744307701863353932e-01 6.859433999999999809e-01
2.670000000000000000e+02 9.737338260869565776e-01 6.085219000000001710e-01
2.680000000000000000e+02 9.741674409937888246e-01 7.556517999999999846e-01
2.690000000000000000e+02 9.748534906832297953e-01 6.367345500000001213e-01
2.700000000000000000e+02 9.744047701863354227e-01 6.015150999999999692e-01
2.710000000000000000e+02 9.742042360248447386e-01 6.701024499999999051e-01
2.720000000000000000e+02 9.753484223602484349e-01 7.478783499999998030e-01
2.730000000000000000e+02 9.753955031055900893e-01 7.762583499999998748e-01
2.740000000000000000e+02 9.739709937888199054e-01 7.347068500000000224e-01
2.750000000000000000e+02 9.751185341614906354e-01 6.970425500000001495e-01
2.760000000000000000e+02 9.748982981366459688e-01 6.791172999999997018e-01
2.770000000000000000e+02 9.752055279503105689e-01 7.499833000000000194e-01
2.780000000000000000e+02 9.755437142857142918e-01 7.088208000000000286e-01
2.790000000000000000e+02 9.752073540372671046e-01 7.325258999999999521e-01
2.800000000000000000e+02 9.755468695652174116e-01 6.903469999999998219e-01
2.810000000000000000e+02 9.754091677018633666e-01 7.325720000000000010e-01
2.820000000000000000e+02 9.757580869565217752e-01 7.116765500000001854e-01
2.830000000000000000e+02 9.759355031055900742e-01 7.321726499999998694e-01
2.840000000000000000e+02 9.750160372670807485e-01 6.438204500000002106e-01
2.850000000000000000e+02 9.754172173913042698e-01 7.459002499999998204e-01
2.860000000000000000e+02 9.756554285714285069e-01 7.451775000000000482e-01
2.870000000000000000e+02 9.749875155279502659e-01 6.622305500000000844e-01
2.880000000000000000e+02 9.757703354037267074e-01 7.620004500000001624e-01
2.890000000000000000e+02 9.759463478260870239e-01 7.448474499999999665e-01
2.900000000000000000e+02 9.763114285714284968e-01 7.610605999999999760e-01
2.910000000000000000e+02 9.763092795031056426e-01 7.276413999999998827e-01
2.920000000000000000e+02 9.753684472049689580e-01 7.360535999999999746e-01
2.930000000000000000e+02 9.761575652173912765e-01 7.281904999999999628e-01
2.940000000000000000e+02 9.762323229813664183e-01 7.608351499999999046e-01
2.950000000000000000e+02 9.762780993788819917e-01 6.178476999999999997e-01
2.960000000000000000e+02 9.749546708074533496e-01 7.204078999999999899e-01
2.970000000000000000e+02 9.757476521739130160e-01 7.419374499999998873e-01
2.980000000000000000e+02 9.764248074534161992e-01 7.544098499999999374e-01
2.990000000000000000e+02 9.764251925465837756e-01 7.641112500000001306e-01
3.000000000000000000e+02 9.766549068322981642e-01 7.457058500000000034e-01
3.010000000000000000e+02 9.759745341614907144e-01 6.824137999999997373e-01
3.020000000000000000e+02 9.761468447204968424e-01 7.724241000000000579e-01
3.030000000000000000e+02 9.759251801242235791e-01 7.773902999999999786e-01
3.040000000000000000e+02 9.763955403726708449e-01 6.945496500000001294e-01
3.050000000000000000e+02 9.767293167701863732e-01 7.099533999999999567e-01
3.060000000000000000e+02 9.772614037267081111e-01 6.656411999999995999e-01
3.070000000000000000e+02 9.764645093167702017e-01 7.484071999999999392e-01
3.080000000000000000e+02 9.768233416149068038e-01 7.328626499999999488e-01
3.090000000000000000e+02 9.773559130434782416e-01 8.035404999999999909e-01
3.100000000000000000e+02 9.767135155279502712e-01 6.831886999999999821e-01
3.110000000000000000e+02 9.770493788819876180e-01 6.897770000000000845e-01
3.120000000000000000e+02 9.775413664596273033e-01 7.875650499999998777e-01
3.130000000000000000e+02 9.769464472049689263e-01 7.418169999999999487e-01
3.140000000000000000e+02 9.769313913043479181e-01 7.372572999999998933e-01
3.150000000000000000e+02 9.773774534161490113e-01 7.358365000000000045e-01
3.160000000000000000e+02 9.776909937888198510e-01 7.499151499999999748e-01
3.170000000000000000e+02 9.773800124223602781e-01 6.673290499999996461e-01
3.180000000000000000e+02 9.768234285714285647e-01 6.997399000000001923e-01
3.190000000000000000e+02 9.770905962732918670e-01 7.626403000000000487e-01
3.200000000000000000e+02 9.769941366459626853e-01 6.954217500000000607e-01
3.210000000000000000e+02 9.774293167701864071e-01 6.642079499999999914e-01
3.220000000000000000e+02 9.769547577639751124e-01 7.058821500000000970e-01
3.230000000000000000e+02 9.772414782608696004e-01 7.339066499999999937e-01
3.240000000000000000e+02 9.772668944099378585e-01 7.672123499999998764e-01
3.250000000000000000e+02 9.772738385093168167e-01 6.907641999999999394e-01
3.260000000000000000e+02 9.769152173913043802e-01 7.329810500000000228e-01
3.270000000000000000e+02 9.774626583850931638e-01 6.865021000000000040e-01
3.280000000000000000e+02 9.771965838509316660e-01 7.603949500000000139e-01
3.290000000000000000e+02 9.778495031055900455e-01 7.674529000000001044e-01
3.300000000000000000e+02 9.777487080745341785e-01 7.334333499999999839e-01
3.310000000000000000e+02 9.776113291925465631e-01 6.419416499999999193e-01
3.320000000000000000e+02 9.772517763975154814e-01 6.789982500000000254e-01
3.330000000000000000e+02 9.772272795031056170e-01 6.269865499999998093e-01
3.340000000000000000e+02 9.777137515527950518e-01 7.681225000000000414e-01
3.350000000000000000e+02 9.780550807453416429e-01 7.435464999999997771e-01
3.360000000000000000e+02 9.782561739130434253e-01 7.469494500000000148e-01
3.370000000000000000e+02 9.778243229813664561e-01 7.499910999999996886e-01
3.380000000000000000e+02 9.776884223602484436e-01 7.182707500000000689e-01
3.390000000000000000e+02 9.780162236024844136e-01 7.457034999999999636e-01
3.400000000000000000e+02 9.773558509316769838e-01 7.358123999999997000e-01
3.410000000000000000e+02 9.782527950310558884e-01 7.348692500000000294e-01
3.420000000000000000e+02 9.777154285714285686e-01 7.420567000000001245e-01
3.430000000000000000e+02 9.785115900621117468e-01 7.239847000000000365e-01
3.440000000000000000e+02 9.780903602484471993e-01 7.283097000000000598e-01
3.450000000000000000e+02 9.783861118012422420e-01 6.926894999999999580e-01
3.460000000000000000e+02 9.781050559006211342e-01 7.218978499999999521e-01
3.470000000000000000e+02 9.778637763975155384e-01 7.377604000000000939e-01
3.480000000000000000e+02 9.779079130434782385e-01 7.316898000000000568e-01
3.490000000000000000e+02 9.781396894409937204e-01 7.611904499999999629e-01
3.500000000000000000e+02 9.781436273291925776e-01 6.840132500000000171e-01
3.510000000000000000e+02 9.752910310559006479e-01 7.501576999999999273e-01
3.520000000000000000e+02 9.768126459627329838e-01 7.041466499999999851e-01
3.530000000000000000e+02 9.773716397515528342e-01 7.392794000000000310e-01
3.540000000000000000e+02 9.782615652173913823e-01 7.149347000000001451e-01
3.550000000000000000e+02 9.782307080745341610e-01 6.955513999999998198e-01
3.560000000000000000e+02 9.780351304347826291e-01 7.006031999999999815e-01
3.570000000000000000e+02 9.782937018633540704e-01 7.155496000000001189e-01
3.580000000000000000e+02 9.780127453416149752e-01 7.507751000000000285e-01
3.590000000000000000e+02 9.786074534161490757e-01 6.984065499999998483e-01
3.600000000000000000e+02 9.783018012422359799e-01 7.330581500000000750e-01
3.610000000000000000e+02 9.788539254658384925e-01 6.878805000000001169e-01
3.620000000000000000e+02 9.787637515527949361e-01 7.616182999999998593e-01
3.630000000000000000e+02 9.782335527950309917e-01 7.391316499999999179e-01
3.640000000000000000e+02 9.779060124223601935e-01 7.641441000000001038e-01
3.650000000000000000e+02 9.772445590062112108e-01 7.383117000000001262e-01
3.660000000000000000e+02 9.789413416149068681e-01 6.898877000000001036e-01
3.670000000000000000e+02 9.786658509316770171e-01 7.536754000000001064e-01
3.680000000000000000e+02 9.784268819875776568e-01 7.518888999999999712e-01
3.690000000000000000e+02 9.785008322981366691e-01 7.100462499999999899e-01
3.700000000000000000e+02 9.788309192546583715e-01 7.062897999999999676e-01
3.710000000000000000e+02 9.784835031055900689e-01 7.212684000000000317e-01
3.720000000000000000e+02 9.786214906832297888e-01 7.266829999999999679e-01
3.730000000000000000e+02 9.786368944099378409e-01 7.507559500000000607e-01
3.740000000000000000e+02 9.791334658385093537e-01 6.975153499999999784e-01
3.750000000000000000e+02 9.786763478260869231e-01 7.332982499999999293e-01
3.760000000000000000e+02 9.793305093167701258e-01 6.333756500000000678e-01
3.770000000000000000e+02 9.793125093167701634e-01 7.451170000000000293e-01
3.780000000000000000e+02 9.792061987577639348e-01 7.567728499999999414e-01
3.790000000000000000e+02 9.790174409937888456e-01 6.776483000000000922e-01
3.800000000000000000e+02 9.789248944099379068e-01 7.313916499999997267e-01
3.810000000000000000e+02 9.793496149068322554e-01 7.737300999999997542e-01
3.820000000000000000e+02 9.793581118012422149e-01 7.974056500000000769e-01
3.830000000000000000e+02 9.788954534161490306e-01 7.623146499999998715e-01
3.840000000000000000e+02 9.795243602484472456e-01 7.726196499999999912e-01
3.850000000000000000e+02 9.794361118012422374e-01 6.637017499999999792e-01
3.860000000000000000e+02 9.794122484472049806e-01 7.299553999999999210e-01
3.870000000000000000e+02 9.792993913043478438e-01 6.129719999999998503e-01
3.880000000000000000e+02 9.786283354037267346e-01 7.180174999999999752e-01
3.890000000000000000e+02 9.794705714285714127e-01 7.399843500000000684e-01
3.900000000000000000e+02 9.796086832298136482e-01 7.447837999999999958e-01
3.910000000000000000e+02 9.790783354037266850e-01 7.516980499999998955e-01
3.920000000000000000e+02 9.789098881987577938e-01 7.540878000000000858e-01
3.930000000000000000e+02 9.793186708074533842e-01 6.702645499999999590e-01
3.940000000000000000e+02 9.798252546583851030e-01 7.118300999999999101e-01
3.950000000000000000e+02 9.796872422360248800e-01 7.693318499999998172e-01
3.960000000000000000e+02 9.796725714285714481e-01 7.398237500000000022e-01
3.970000000000000000e+02 9.793693167701863489e-01 7.511432000000000109e-01
3.980000000000000000e+02 9.628117639751552215e-01 7.295077500000000104e-01
3.990000000000000000e+02 9.732450931677019135e-01 6.773519500000000360e-01
4.000000000000000000e+02 9.765865838509316665e-01 5.689650499999998612e-01
4.010000000000000000e+02 9.770379627329192074e-01 6.270455000000001444e-01
4.020000000000000000e+02 9.784741987577639799e-01 7.956963999999998594e-01
4.030000000000000000e+02 9.779229440993788547e-01 7.416787999999999714e-01
4.040000000000000000e+02 9.783663105590062470e-01 6.531580500000000455e-01
4.050000000000000000e+02 9.789499999999999869e-01 6.789246500000000184e-01
4.060000000000000000e+02 9.792497018633540273e-01 7.386690499999999382e-01
4.070000000000000000e+02 9.789627577639751221e-01 7.539873999999999743e-01
4.080000000000000000e+02 9.790897142857142299e-01 6.182695999999998637e-01
4.090000000000000000e+02 9.793099627329192591e-01 6.596044000000000906e-01
4.100000000000000000e+02 9.790174534161490971e-01 7.163270999999999944e-01
4.110000000000000000e+02 9.793116273291925244e-01 7.312993999999999328e-01
4.120000000000000000e+02 9.795876149068323269e-01 7.340424499999997909e-01
4.130000000000000000e+02 9.796551428571428355e-01 7.321114999999999151e-01
4.140000000000000000e+02 9.796218757763974772e-01 7.177146999999999277e-01
4.150000000000000000e+02 9.792012670807452857e-01 7.476396999999999071e-01
4.160000000000000000e+02 9.792413913043478413e-01 7.455638500000001390e-01
4.170000000000000000e+02 9.797156024844719813e-01 6.992885499999998977e-01
4.180000000000000000e+02 9.795940496894409710e-01 7.442055000000000753e-01
4.190000000000000000e+02 9.793093664596272951e-01 7.851033999999998958e-01
4.200000000000000000e+02 9.795403975155279053e-01 7.167368000000000627e-01
4.210000000000000000e+02 9.798150807453416267e-01 7.458293000000000283e-01
4.220000000000000000e+02 9.796558136645963089e-01 7.663119499999998530e-01
4.230000000000000000e+02 9.801926708074534256e-01 7.417941000000001228e-01
4.240000000000000000e+02 9.802032919254658472e-01 7.100852999999996973e-01
4.250000000000000000e+02 9.802877888198757717e-01 8.226745500000001154e-01
4.260000000000000000e+02 9.802594161490683078e-01 6.722012499999999724e-01
4.270000000000000000e+02 9.799672422360248270e-01 7.575808000000000542e-01
4.280000000000000000e+02 9.798895155279503388e-01 7.174229999999999219e-01
4.290000000000000000e+02 9.804541987577639617e-01 7.429106000000000876e-01
4.300000000000000000e+02 9.797482484472049835e-01 7.447801499999999741e-01
4.310000000000000000e+02 9.800358633540372510e-01 6.940152000000001653e-01
4.320000000000000000e+02 9.801395031055900597e-01 6.340968999999996303e-01
4.330000000000000000e+02 9.804645465838509599e-01 7.679229500000002151e-01
4.340000000000000000e+02 9.801294658385093506e-01 7.325186000000001307e-01
4.350000000000000000e+02 9.803945838509317001e-01 7.481259000000000103e-01
4.360000000000000000e+02 9.801468819875777116e-01 7.379243500000001177e-01
4.370000000000000000e+02 9.802579875776398222e-01 7.162538000000000515e-01
4.380000000000000000e+02 9.804303354037267049e-01 7.386806000000001315e-01
4.390000000000000000e+02 9.800456521739130400e-01 7.273459999999998260e-01
4.400000000000000000e+02 9.803502608695652265e-01 7.420822499999999433e-01
4.410000000000000000e+02 9.804336273291925918e-01 7.903978000000000392e-01
4.420000000000000000e+02 9.804926086956521347e-01 7.356864500000001028e-01
4.430000000000000000e+02 9.803046086956521687e-01 7.719329500000000621e-01
4.440000000000000000e+02 9.799486086956521458e-01 7.164633499999997213e-01
4.450000000000000000e+02 9.803597763975154811e-01 7.353814999999999102e-01
4.460000000000000000e+02 9.803771428571428359e-01 7.007575500000000623e-01
4.470000000000000000e+02 9.802167826086957136e-01 7.048269000000000339e-01
4.480000000000000000e+02 9.804810310559005648e-01 7.102104000000000195e-01
4.490000000000000000e+02 9.804497391304347609e-01 7.598578500000001679e-01
4.500000000000000000e+02 9.805056149068323013e-01 7.508179000000000380e-01
4.510000000000000000e+02 9.803476770186335676e-01 6.975362499999997468e-01
4.520000000000000000e+02 9.785016273291925470e-01 7.949160499999999852e-01
4.530000000000000000e+02 9.798356521739129965e-01 7.754490000000001659e-01
4.540000000000000000e+02 9.803572670807453315e-01 7.355911500000000824e-01
4.550000000000000000e+02 9.809093167701863347e-01 7.628355000000002217e-01
4.560000000000000000e+02 9.802144347826087234e-01 7.438500999999999586e-01
4.570000000000000000e+02 9.794050683229813536e-01 6.806080500000000200e-01
4.580000000000000000e+02 9.774461739130434479e-01 7.641326999999999980e-01
4.590000000000000000e+02 9.793768074534161538e-01 7.491742999999999597e-01
4.600000000000000000e+02 9.798421118012422548e-01 6.926101000000000063e-01
4.610000000000000000e+02 9.804226956521738812e-01 7.471083500000001987e-01
4.620000000000000000e+02 9.804480124223602377e-01 6.329927999999998001e-01
4.630000000000000000e+02 9.804056273291925638e-01 7.388584000000000263e-01
4.640000000000000000e+02 9.807324844720496371e-01 7.665967000000002418e-01
4.650000000000000000e+02 9.805294534161490549e-01 7.403241999999998768e-01
4.660000000000000000e+02 9.805553913043477676e-01 7.406310999999998756e-01
4.670000000000000000e+02 9.804944223602484188e-01 6.647871500000001044e-01
4.680000000000000000e+02 9.807987701863354335e-01 6.646411999999999320e-01
4.690000000000000000e+02 9.806661863354037001e-01 7.214733500000001243e-01
4.700000000000000000e+02 9.810440248447205303e-01 7.053759000000000556e-01
4.710000000000000000e+02 9.807017142857142877e-01 7.180381999999998488e-01
4.720000000000000000e+02 9.808592298136645793e-01 6.912814000000000458e-01
4.730000000000000000e+02 9.810909689440994175e-01 6.667066500000000673e-01
4.740000000000000000e+02 9.809847577639752014e-01 7.070910999999998614e-01
4.750000000000000000e+02 9.807728198757763582e-01 7.409315499999998833e-01
4.760000000000000000e+02 9.806705341614906368e-01 7.539273499999999961e-01
4.770000000000000000e+02 9.810049068322981292e-01 7.453772499999999912e-01
4.780000000000000000e+02 9.811884720496893975e-01 7.571005500000000943e-01
4.790000000000000000e+02 9.809351677018633975e-01 7.341077999999997550e-01
4.800000000000000000e+02 9.808593043478260887e-01 7.117307499999998566e-01
4.810000000000000000e+02 9.811075403726707833e-01 7.569554499999999742e-01
4.820000000000000000e+02 9.810260248447204567e-01 7.541404999999999914e-01
4.830000000000000000e+02 9.810800993788819646e-01 7.173810999999998828e-01
4.840000000000000000e+02 9.811911428571428173e-01 7.647212500000002411e-01
4.850000000000000000e+02 9.810872049689440821e-01 7.395746000000000819e-01
4.860000000000000000e+02 9.812018633540372514e-01 7.623030000000001749e-01
4.870000000000000000e+02 9.813521366459627693e-01 6.447622000000002851e-01
4.880000000000000000e+02 9.812569316770186623e-01 7.336518000000000761e-01
4.890000000000000000e+02 9.813015652173913139e-01 7.433123500000000661e-01
4.900000000000000000e+02 9.813603478260869428e-01 7.019622500000000098e-01
4.910000000000000000e+02 9.813796521739130974e-01 7.418775000000001896e-01
4.920000000000000000e+02 9.812438260869564832e-01 7.464478999999999420e-01
4.930000000000000000e+02 9.812944596273291964e-01 7.136264000000001051e-01
4.940000000000000000e+02 9.814753540372670448e-01 6.991509000000000196e-01
4.950000000000000000e+02 9.814374658385093264e-01 7.600676000000000654e-01
4.960000000000000000e+02 9.814974782608695270e-01 7.500731500000000773e-01
4.970000000000000000e+02 9.812346335403726583e-01 7.667565000000000630e-01
4.980000000000000000e+02 9.811446708074533785e-01 6.758526500000000548e-01
4.990000000000000000e+02 9.814619751552795535e-01 7.240160999999998293e-01
5.000000000000000000e+02 9.813702236024844927e-01 7.485056999999999405e-01
5.010000000000000000e+02 9.815926956521738855e-01 7.403162000000000909e-01
5.020000000000000000e+02 9.813883850931677255e-01 7.312640500000000543e-01
5.030000000000000000e+02 9.814708322981366972e-01 7.355069000000000745e-01
5.040000000000000000e+02 9.813028198757763887e-01 7.405723500000001014e-01
5.050000000000000000e+02 9.814416645962733554e-01 7.211645499999999043e-01
5.060000000000000000e+02 9.818123602484472023e-01 7.322054000000000062e-01
5.070000000000000000e+02 9.814738260869565467e-01 7.406089500000000436e-01
5.080000000000000000e+02 9.813900869565217455e-01 7.066862000000000421e-01
5.090000000000000000e+02 9.815807453416148798e-01 7.588823499999999278e-01
5.100000000000000000e+02 9.813184720496894720e-01 7.668389000000001010e-01
5.110000000000000000e+02 9.815037142857142571e-01 7.536127999999999716e-01
5.120000000000000000e+02 9.814538509316770298e-01 7.248137500000000344e-01
5.130000000000000000e+02 9.811982732919254380e-01 7.413908000000000165e-01
5.140000000000000000e+02 9.816976645962732784e-01 7.533002000000000864e-01
5.150000000000000000e+02 9.815499378881987758e-01 7.530851999999998991e-01
5.160000000000000000e+02 9.815895652173913799e-01 7.798799499999999885e-01
5.170000000000000000e+02 9.815655403726707418e-01 7.075846999999999554e-01
5.180000000000000000e+02 9.816804844720496970e-01 6.415704499999999033e-01
5.190000000000000000e+02 9.814315900621117805e-01 6.857214499999999546e-01
5.200000000000000000e+02 9.813977515527950723e-01 7.266496499999999248e-01
5.210000000000000000e+02 9.815891180124223236e-01 7.547020500000000132e-01
5.220000000000000000e+02 9.815481614906832464e-01 7.497004500000001848e-01
5.230000000000000000e+02 9.816050683229813334e-01 7.405549000000000159e-01
5.240000000000000000e+02 9.814738260869565467e-01 6.933365000000000222e-01
5.250000000000000000e+02 9.817778385093167692e-01 6.965727000000001556e-01
5.260000000000000000e+02 9.814902236024845017e-01 7.592527499999998097e-01
5.270000000000000000e+02 9.815082608695652189e-01 7.212496999999999936e-01
5.280000000000000000e+02 9.816338881987577425e-01 7.136535500000000809e-01
5.290000000000000000e+02 9.817777763975155114e-01 7.401910000000000434e-01
5.300000000000000000e+02 9.819823229813664511e-01 7.305077499999999002e-01
5.310000000000000000e+02 9.820375900621117760e-01 7.614707999999998922e-01
5.320000000000000000e+02 9.815343850931677050e-01 7.256394500000000747e-01
