1.000000000000000000e+00 6.891160935672515642e-01 7.000379000000001017e-01
2.000000000000000000e+00 7.353909590643272765e-01 6.310130999999997714e-01
3.000000000000000000e+00 7.632612982456140616e-01 5.192807500000002907e-01
4.000000000000000000e+00 7.833802690058478957e-01 7.337990999999999264e-01
5.000000000000000000e+00 7.969506900584797382e-01 5.977684499999997847e-01
6.000000000000000000e+00 8.082748654970762781e-01 5.113123499999998600e-01
7.000000000000000000e+00 8.226125614035088018e-01 6.879573499999998010e-01
8.000000000000000000e+00 8.198371929824561644e-01 5.812945499999999655e-01
9.000000000000000000e+00 8.288667251461987462e-01 5.993284499999997905e-01
1.000000000000000000e+01 8.370970058479529907e-01 6.359536999999997331e-01
1.100000000000000000e+01 8.405697426900582414e-01 5.822339499999997781e-01
1.200000000000000000e+01 8.469640584795321558e-01 4.833453500000002290e-01
1.300000000000000000e+01 8.530935906432748350e-01 5.900137999999999217e-01
1.400000000000000000e+01 8.529166081871344396e-01 6.507678500000000366e-01
1.500000000000000000e+01 8.533204210526317279e-01 3.025686000000000764e-01
1.600000000000000000e+01 8.564320818713452299e-01 6.282715999999999301e-01
1.700000000000000000e+01 8.685883508771931050e-01 2.387346999999997443e-01
1.800000000000000000e+01 8.687202807017542217e-01 5.158065999999996709e-01
1.900000000000000000e+01 8.719840935672514837e-01 6.266094499999999012e-01
2.000000000000000000e+01 8.826125263157896805e-01 3.524939999999999740e-01
2.100000000000000000e+01 8.769389005847955110e-01 6.031339000000003336e-01
2.200000000000000000e+01 8.839060467836258317e-01 5.140854999999999730e-01
2.300000000000000000e+01 8.847453099415204525e-01 6.607234499999998789e-01
2.400000000000000000e+01 8.836463976608186499e-01 4.285551000000000776e-01
2.500000000000000000e+01 8.883214736842105497e-01 6.908134000000000219e-01
2.600000000000000000e+01 8.899986315789473190e-01 7.118476500000000540e-01
2.700000000000000000e+01 8.938141871345028910e-01 6.870475000000000332e-01
2.800000000000000000e+01 8.948421637426900999e-01 6.904918999999999363e-01
2.900000000000000000e+01 9.021517192982455580e-01 5.350095500000000559e-01
3.000000000000000000e+01 9.040054619883042264e-01 6.877671499999999938e-01
3.100000000000000000e+01 9.032040350877192925e-01 4.266379999999999617e-01
3.200000000000000000e+01 9.065506549707602613e-01 6.715298499999999837e-01
3.300000000000000000e+01 9.082734385964912338e-01 6.256558499999997913e-01
3.400000000000000000e+01 8.902025029239765130e-01 5.850184500000000787e-01
3.500000000000000000e+01 9.031346783625731067e-01 6.124740499999998811e-01
3.600000000000000000e+01 9.085210760233918270e-01 6.993200000000001637e-01
3.700000000000000000e+01 9.165628771929824614e-01 6.790759499999998727e-01
3.800000000000000000e+01 9.098277660818713253e-01 3.297605000000003450e-01
3.900000000000000000e+01 9.165263040935672789e-01 5.679495999999997213e-01
4.000000000000000000e+01 9.137630877192982615e-01 6.205258000000000163e-01
4.100000000000000000e+01 9.201107251461988490e-01 7.770076499999999387e-01
4.200000000000000000e+01 9.184651111111109545e-01 8.195181499999999453e-01
4.300000000000000000e+01 9.214900116959064968e-01 6.998477000000000725e-01
4.400000000000000000e+01 9.185347836257309329e-01 5.943369499999998640e-01
4.500000000000000000e+01 9.249386432748538667e-01 6.386882999999998756e-01
4.600000000000000000e+01 9.224753333333333138e-01 4.608917499999999334e-01
4.700000000000000000e+01 9.178481637426901818e-01 6.035877500000002005e-01
4.800000000000000000e+01 9.264920701754385535e-01 5.127976500000001048e-01
4.900000000000000000e+01 9.256612982456139394e-01 4.101045999999997083e-01
5.000000000000000000e+01 9.303960116959063553e-01 7.717472499999998847e-01
5.100000000000000000e+01 9.325092046783626243e-01 5.870519999999999072e-01
5.200000000000000000e+01 9.260014385964911998e-01 6.812809499999999963e-01
5.300000000000000000e+01 9.289728187134503878e-01 4.593566999999998401e-01
5.400000000000000000e+01 8.950739298245612430e-01 4.827680999999998113e-01
5.500000000000000000e+01 9.224232865497076217e-01 7.053811000000000941e-01
5.600000000000000000e+01 9.280402573099415520e-01 5.777267500000000666e-01
5.700000000000000000e+01 9.329430877192982363e-01 5.919544999999997170e-01
5.800000000000000000e+01 9.334039766081871914e-01 7.094945000000001389e-01
5.900000000000000000e+01 9.266261637426900233e-01 5.491197000000000994e-01
6.000000000000000000e+01 9.362126783625731585e-01 7.035291499999998255e-01
6.100000000000000000e+01 9.302130994152046917e-01 7.642901500000000015e-01
6.200000000000000000e+01 9.367429122807017228e-01 6.081311000000000355e-01
6.300000000000000000e+01 9.359874385964911392e-01 7.023356499999999780e-01
6.400000000000000000e+01 9.392163508771930180e-01 7.458330499999999974e-01
6.500000000000000000e+01 9.391229239766081260e-01 7.530142999999999143e-01
6.600000000000000000e+01 9.389088187134502217e-01 7.169772000000000922e-01
6.700000000000000000e+01 9.336606315789474086e-01 7.719131500000000479e-01
6.800000000000000000e+01 9.391132163742689221e-01 5.297909500000002048e-01
6.900000000000000000e+01 9.377059766081871084e-01 6.163463999999997389e-01
7.000000000000000000e+01 9.358042923976608307e-01 7.829627500000000406e-01
7.100000000000000000e+01 9.405421871345029938e-01 4.618365499999999013e-01
7.200000000000000000e+01 9.338650409356725746e-01 7.327905999999999587e-01
7.300000000000000000e+01 9.423392163742689842e-01 7.698111499999998886e-01
7.400000000000000000e+01 9.419032280701754578e-01 6.951751000000001568e-01
7.500000000000000000e+01 9.448445146198829470e-01 7.488030000000001074e-01
7.600000000000000000e+01 9.425326432748538652e-01 6.405613000000001112e-01
7.700000000000000000e+01 9.453641988304094523e-01 7.072220500000001575e-01
7.800000000000000000e+01 9.474977426900584865e-01 7.579177000000000275e-01
7.900000000000000000e+01 9.484274619883040769e-01 6.835886499999999089e-01
8.000000000000000000e+01 9.478716257309941495e-01 6.914399499999996923e-01
8.100000000000000000e+01 9.424446783625730628e-01 7.491722500000000950e-01
8.200000000000000000e+01 9.453377426900585467e-01 7.044416999999998374e-01
8.300000000000000000e+01 9.486852046783624814e-01 4.607912500000000966e-01
8.400000000000000000e+01 9.495355555555555771e-01 7.192821499999999535e-01
8.500000000000000000e+01 9.475772046783625946e-01 8.006508000000001068e-01
8.600000000000000000e+01 9.490707485380116548e-01 7.608929500000002344e-01
8.700000000000000000e+01 9.484139532163742281e-01 7.493739000000000372e-01
8.800000000000000000e+01 9.458392046783625773e-01 6.507477999999999874e-01
8.900000000000000000e+01 9.452962105263157389e-01 7.814048499999999287e-01
9.000000000000000000e+01 9.488340350877192408e-01 6.905450500000001046e-01
9.100000000000000000e+01 8.886827953216374087e-01 7.372324999999999573e-01
9.200000000000000000e+01 9.362643742690057724e-01 7.319485000000001129e-01
9.300000000000000000e+01 9.415954152046783765e-01 7.671077499999999771e-01
9.400000000000000000e+01 9.423789122807018082e-01 6.649394000000001803e-01
9.500000000000000000e+01 9.466332631578947554e-01 6.646183500000000244e-01
9.600000000000000000e+01 9.462553099415205171e-01 7.249738999999999489e-01
9.700000000000000000e+01 9.503428187134502769e-01 5.913016000000000938e-01
9.800000000000000000e+01 9.462866081871343926e-01 6.537003500000001521e-01
9.900000000000000000e+01 9.474445497076022793e-01 7.691825999999998276e-01
1.000000000000000000e+02 9.493937894736842464e-01 5.855789500000001535e-01
1.010000000000000000e+02 9.513585614035087179e-01 7.535706500000002306e-01
1.020000000000000000e+02 9.524591345029239653e-01 5.317162500000003345e-01
1.030000000000000000e+02 9.461689005847953027e-01 7.485753499999998617e-01
1.040000000000000000e+02 9.530619064327485734e-01 7.604150000000000631e-01
1.050000000000000000e+02 9.526080467836257615e-01 7.079610000000000625e-01
1.060000000000000000e+02 9.542852046783625308e-01 7.611428499999999264e-01
1.070000000000000000e+02 9.547918947368421172e-01 7.629650500000000335e-01
1.080000000000000000e+02 9.547476959064327140e-01 7.248966499999998092e-01
1.090000000000000000e+02 9.542310760233917444e-01 7.254184999999999661e-01
1.100000000000000000e+02 9.556197426900584491e-01 6.997870500000000771e-01
1.110000000000000000e+02 9.564467953216374552e-01 5.846058999999999006e-01
1.120000000000000000e+02 9.553885730994151615e-01 5.966665999999999359e-01
1.130000000000000000e+02 9.560817660818713426e-01 7.615270500000000942e-01
1.140000000000000000e+02 9.568149473684210982e-01 7.719071000000000682e-01
1.150000000000000000e+02 9.567759883040936053e-01 7.845489000000001045e-01
1.160000000000000000e+02 9.556649941520467539e-01 6.483115000000001515e-01
1.170000000000000000e+02 9.588762923976608121e-01 6.691392000000000451e-01
1.180000000000000000e+02 9.592626081871344912e-01 7.381256000000000483e-01
1.190000000000000000e+02 9.588165964912280792e-01 6.679557499999999592e-01
1.200000000000000000e+02 9.586709356725146014e-01 7.742012000000000338e-01
1.210000000000000000e+02 9.592448888888888137e-01 6.006834000000000895e-01
1.220000000000000000e+02 9.546805614035087650e-01 6.825998499999998970e-01
1.230000000000000000e+02 9.587302105263157959e-01 6.809536499999998549e-01
1.240000000000000000e+02 9.601123157894736471e-01 7.607686499999998242e-01
1.250000000000000000e+02 9.590954736842105532e-01 7.174087499999999284e-01
1.260000000000000000e+02 9.587106666666665999e-01 7.316328999999999194e-01
1.270000000000000000e+02 9.605870292397661325e-01 7.951073000000000723e-01
1.280000000000000000e+02 9.549550175438595856e-01 5.813281000000000143e-01
1.290000000000000000e+02 9.603706432748537747e-01 7.400412499999999838e-01
1.300000000000000000e+02 9.601021988304093702e-01 7.031547000000001324e-01
1.310000000000000000e+02 9.603256959064327969e-01 7.339670500000001763e-01
1.320000000000000000e+02 9.584200350877192243e-01 5.945125499999999175e-01
1.330000000000000000e+02 9.602211111111111919e-01 8.008846499999997537e-01
1.340000000000000000e+02 9.615644795321637295e-01 7.375085499999999294e-01
1.350000000000000000e+02 9.627374035087719051e-01 7.208957000000000281e-01
1.360000000000000000e+02 9.614177076023391333e-01 7.494009500000000656e-01
1.370000000000000000e+02 9.619492163742690005e-01 7.459888500000000366e-01
1.380000000000000000e+02 9.621838245614035001e-01 7.288567999999999714e-01
1.390000000000000000e+02 9.616322456140351527e-01 7.262363499999999750e-01
1.400000000000000000e+02 9.625362456140350575e-01 7.405687499999999979e-01
1.410000000000000000e+02 9.626114385964912312e-01 7.572910500000000766e-01
1.420000000000000000e+02 9.625720233918129143e-01 6.174149500000000179e-01
1.430000000000000000e+02 9.629792514619882615e-01 6.678295500000001050e-01
1.440000000000000000e+02 9.642996608187134333e-01 7.250648499999998720e-01
1.450000000000000000e+02 9.641681520467836330e-01 7.937712999999999575e-01
1.460000000000000000e+02 9.564362690058479943e-01 6.532750999999996644e-01
1.470000000000000000e+02 9.596986666666666999e-01 7.008888500000000077e-01
1.480000000000000000e+02 9.598830058479532745e-01 7.151735499999998247e-01
1.490000000000000000e+02 9.624837309941520758e-01 7.633387999999998730e-01
1.500000000000000000e+02 9.587687485380116392e-01 5.287171000000001619e-01
1.510000000000000000e+02 9.630284561403509302e-01 7.689108500000000346e-01
1.520000000000000000e+02 9.630978713450292217e-01 7.605529999999999236e-01
1.530000000000000000e+02 9.642417894736842188e-01 7.022171999999999858e-01
1.540000000000000000e+02 9.640236257309940937e-01 6.546851000000000198e-01
1.550000000000000000e+02 9.640565029239765993e-01 7.098731000000000346e-01
1.560000000000000000e+02 9.633009941520468411e-01 5.518927000000000138e-01
1.570000000000000000e+02 9.636829824561403690e-01 7.253406500000001422e-01
1.580000000000000000e+02 9.651209122807017371e-01 7.211869500000001043e-01
1.590000000000000000e+02 9.651339532163742962e-01 7.252914499999999487e-01
1.600000000000000000e+02 9.664123157894736194e-01 6.599300500000000458e-01
1.610000000000000000e+02 9.662368187134502406e-01 6.970444000000000084e-01
1.620000000000000000e+02 9.655295438596491753e-01 7.297156000000001308e-01
1.630000000000000000e+02 9.670256725146199051e-01 7.711042499999999356e-01
1.640000000000000000e+02 9.671533333333333093e-01 7.188099999999999490e-01
1.650000000000000000e+02 9.671455672514619462e-01 7.114446500000000118e-01
1.660000000000000000e+02 9.651302105263157571e-01 7.222954500000000611e-01
1.670000000000000000e+02 9.641931111111111674e-01 6.459102000000003230e-01
1.680000000000000000e+02 9.653896608187133577e-01 7.598120999999998793e-01
1.690000000000000000e+02 9.653504912280701511e-01 7.369342999999999311e-01
1.700000000000000000e+02 9.659426666666667272e-01 7.974423499999999665e-01
1.710000000000000000e+02 9.672759064327485223e-01 7.867040499999998771e-01
1.720000000000000000e+02 9.669007953216374185e-01 6.956786500000001761e-01
1.730000000000000000e+02 9.653988538011696319e-01 7.417786999999997910e-01
1.740000000000000000e+02 9.660524678362573114e-01 7.595237500000000530e-01
1.750000000000000000e+02 9.661453333333333005e-01 7.720818999999999876e-01
1.760000000000000000e+02 9.665379883040935427e-01 6.841999999999999194e-01
1.770000000000000000e+02 9.675395906432748827e-01 7.873718000000000661e-01
1.780000000000000000e+02 9.668796842105262801e-01 6.478058499999999054e-01
1.790000000000000000e+02 9.675016374269005404e-01 7.565194000000000640e-01
1.800000000000000000e+02 9.676741169590643565e-01 6.692801999999998808e-01
1.810000000000000000e+02 9.681532046783625223e-01 6.920276499999999942e-01
1.820000000000000000e+02 9.677612865497076111e-01 7.631903500000001284e-01
1.830000000000000000e+02 9.639074035087719095e-01 7.433133499999999838e-01
1.840000000000000000e+02 9.657848187134503437e-01 6.782821499999999171e-01
1.850000000000000000e+02 9.678392397660818824e-01 7.481027499999999275e-01
1.860000000000000000e+02 9.682663391812865727e-01 7.116039499999997631e-01
1.870000000000000000e+02 9.683908654970760921e-01 7.322521500000001016e-01
1.880000000000000000e+02 9.664525730994151242e-01 7.774299499999998142e-01
1.890000000000000000e+02 9.633125497076023835e-01 6.749101000000001793e-01
1.900000000000000000e+02 9.574280350877193424e-01 5.506750999999998619e-01
1.910000000000000000e+02 9.653403976608186943e-01 7.196127999999999414e-01
1.920000000000000000e+02 9.678026315789473033e-01 4.557757500000002571e-01
1.930000000000000000e+02 9.674855789473684187e-01 7.611413000000001317e-01
1.940000000000000000e+02 9.688874152046783594e-01 6.980303999999999398e-01
1.950000000000000000e+02 9.677985497076022625e-01 7.208619500000000846e-01
1.960000000000000000e+02 9.681483391812865102e-01 6.397407500000000802e-01
1.970000000000000000e+02 9.687069239766081807e-01 7.963524499999999895e-01
1.980000000000000000e+02 9.694181520467836100e-01 7.664885000000001281e-01
1.990000000000000000e+02 9.695165029239766197e-01 5.805467000000003042e-01
2.000000000000000000e+02 9.528085847953217113e-01 5.686536999999998176e-01
2.010000000000000000e+02 9.500753801169591339e-01 7.446974499999998720e-01
2.020000000000000000e+02 9.635859415204678369e-01 7.071136999999998451e-01
2.030000000000000000e+02 9.657321754385964629e-01 7.865167500000002088e-01
2.040000000000000000e+02 9.666699999999999182e-01 7.099671000000000731e-01
2.050000000000000000e+02 9.674724912280702194e-01 7.464508499999999991e-01
2.060000000000000000e+02 9.671975672514619982e-01 7.933032499999999043e-01
2.070000000000000000e+02 9.607753333333333146e-01 7.716633999999999993e-01
2.080000000000000000e+02 9.633903391812864703e-01 7.636332000000000120e-01
2.090000000000000000e+02 9.671003040935672868e-01 7.500571500000000613e-01
2.100000000000000000e+02 9.675581871345029228e-01 7.004196999999999784e-01
2.110000000000000000e+02 9.675104210526315196e-01 6.616646999999999945e-01
2.120000000000000000e+02 9.698657426900584300e-01 7.813307000000000446e-01
2.130000000000000000e+02 9.682154853801169248e-01 7.624200999999999340e-01
2.140000000000000000e+02 9.690663742690058813e-01 6.558471499999999343e-01
2.150000000000000000e+02 9.698843040935671844e-01 6.972965500000000150e-01
2.160000000000000000e+02 9.704974736842105765e-01 6.509426500000001781e-01
2.170000000000000000e+02 9.708070175438595628e-01 7.240417500000000395e-01
2.180000000000000000e+02 9.709091461988303973e-01 6.474499499999999408e-01
2.190000000000000000e+02 9.703082573099416352e-01 7.306420999999998500e-01
2.200000000000000000e+02 9.708111695906432859e-01 7.581773500000000832e-01
2.210000000000000000e+02 9.713037777777777659e-01 7.091787499999999689e-01
2.220000000000000000e+02 9.709950058479531743e-01 7.683229499999999490e-01
2.230000000000000000e+02 9.707487836257310265e-01 7.419741499999998879e-01
2.240000000000000000e+02 9.703773216374269595e-01 7.675603499999998913e-01
2.250000000000000000e+02 9.715273684210525840e-01 6.871494999999999687e-01
2.260000000000000000e+02 9.708395555555555667e-01 7.453164499999999082e-01
2.270000000000000000e+02 9.712089590643274706e-01 7.018544999999999368e-01
2.280000000000000000e+02 9.709328654970760253e-01 6.254177000000000763e-01
2.290000000000000000e+02 9.714865029239766470e-01 6.807125000000002757e-01
2.300000000000000000e+02 9.713942222222222700e-01 7.031227500000000186e-01
2.310000000000000000e+02 9.718341988304093348e-01 6.692264999999999464e-01
2.320000000000000000e+02 9.722990409356725428e-01 7.944848999999999384e-01
2.330000000000000000e+02 9.715360116959064207e-01 6.833712500000002077e-01
2.340000000000000000e+02 9.721577777777777873e-01 7.567570000000001240e-01
2.350000000000000000e+02 9.726850409356725402e-01 6.863995999999999986e-01
2.360000000000000000e+02 9.722983157894736772e-01 7.209674000000001470e-01
2.370000000000000000e+02 9.723901754385965157e-01 7.393570000000001530e-01
2.380000000000000000e+02 9.729819415204677968e-01 7.749479500000000520e-01
2.390000000000000000e+02 9.722381286549708346e-01 7.662407999999997221e-01
2.400000000000000000e+02 9.727447485380117387e-01 7.824295500000000292e-01
2.410000000000000000e+02 9.718943742690058230e-01 5.637595500000001092e-01
2.420000000000000000e+02 9.725416725146198704e-01 6.683924999999998340e-01
2.430000000000000000e+02 9.723579181286549078e-01 7.804363500000000009e-01
2.440000000000000000e+02 9.729981988304093887e-01 6.982200499999997589e-01
2.450000000000000000e+02 9.730778830409356761e-01 6.460316999999999865e-01
2.460000000000000000e+02 9.733417309941519990e-01 7.335335499999999787e-01
2.470000000000000000e+02 9.736355906432747620e-01 7.143870999999999416e-01
2.480000000000000000e+02 9.737590526315789141e-01 6.632257499999999473e-01
2.490000000000000000e+02 9.725127953216374799e-01 7.537431000000001102e-01
2.500000000000000000e+02 9.735130526315789457e-01 7.594750999999997365e-01
2.510000000000000000e+02 9.732944327485379965e-01 5.314627499999997617e-01
2.520000000000000000e+02 9.742750058479532349e-01 7.810504000000000335e-01
2.530000000000000000e+02 9.736082105263157427e-01 7.925790999999998698e-01
2.540000000000000000e+02 9.740280350877192905e-01 7.986518000000000228e-01
2.550000000000000000e+02 9.740394619883041560e-01 7.285109000000000723e-01
2.560000000000000000e+02 9.742618596491228189e-01 6.422957500000000541e-01
2.570000000000000000e+02 9.744547368421052624e-01 7.193922999999999845e-01
2.580000000000000000e+02 9.742452280701754397e-01 7.012897000000000158e-01
2.590000000000000000e+02 9.741373216374269450e-01 7.560695000000001720e-01
2.600000000000000000e+02 9.746105263157894827e-01 7.759623999999999411e-01
2.610000000000000000e+02 9.743571461988304039e-01 7.581050500000000580e-01
2.620000000000000000e+02 9.741756959064327148e-01 7.401275999999999966e-01
2.630000000000000000e+02 9.738040584795321086e-01 7.849588999999999039e-01
2.640000000000000000e+02 9.745324678362573545e-01 7.749496000000000162e-01
2.650000000000000000e+02 9.742533333333333045e-01 7.700298999999998228e-01
2.660000000000000000e+02 9.725453216374269072e-01 6.684176500000000853e-01
2.670000000000000000e+02 9.738137192982455614e-01 7.393170499999999201e-01
2.680000000000000000e+02 9.742691111111111413e-01 7.146133000000001179e-01
2.690000000000000000e+02 9.745113567251462161e-01 7.804069999999998508e-01
2.700000000000000000e+02 9.746193684210526786e-01 7.772735500000000908e-01
2.710000000000000000e+02 9.750066783625731537e-01 7.446747999999997480e-01
2.720000000000000000e+02 9.751351461988304603e-01 7.072652500000000675e-01
2.730000000000000000e+02 9.752316140350877349e-01 7.765971999999997655e-01
2.740000000000000000e+02 9.748682339181287126e-01 7.384811499999999196e-01
2.750000000000000000e+02 9.751565029239765980e-01 7.180800000000000516e-01
2.760000000000000000e+02 9.749528888888888689e-01 7.635210500000000344e-01
2.770000000000000000e+02 9.753328888888888049e-01 6.456278500000001142e-01
2.780000000000000000e+02 9.759020818713450840e-01 7.129120499999997973e-01
2.790000000000000000e+02 9.727874152046783740e-01 7.045824999999998894e-01
2.800000000000000000e+02 9.747123625730994556e-01 7.926277500000000753e-01
2.810000000000000000e+02 9.750165146198830346e-01 7.758017999999999859e-01
2.820000000000000000e+02 9.754538713450292553e-01 7.477181999999999995e-01
2.830000000000000000e+02 9.750431929824561195e-01 7.872453000000000367e-01
2.840000000000000000e+02 9.752872631578947127e-01 7.739924499999999430e-01
2.850000000000000000e+02 9.751854853801169565e-01 6.407960999999997576e-01
2.860000000000000000e+02 9.748363859649122887e-01 7.161389000000000227e-01
2.870000000000000000e+02 9.755565263157894851e-01 7.548978499999999814e-01
2.880000000000000000e+02 9.752189707602338942e-01 7.129731999999997516e-01
2.890000000000000000e+02 9.764030877192982905e-01 7.771740999999999788e-01
2.900000000000000000e+02 9.756463976608187316e-01 7.053137000000001544e-01
2.910000000000000000e+02 9.761848304093567741e-01 7.405381500000001171e-01
2.920000000000000000e+02 9.762162222222222629e-01 7.399851499999999804e-01
2.930000000000000000e+02 9.759957894736841499e-01 7.229163499999999853e-01
2.940000000000000000e+02 9.755961169590643411e-01 7.688637499999999569e-01
2.950000000000000000e+02 9.758619415204679015e-01 7.758395499999997114e-01
2.960000000000000000e+02 9.759232982456139682e-01 7.818377499999998870e-01
2.970000000000000000e+02 9.765770643274853668e-01 7.469023500000000482e-01
2.980000000000000000e+02 9.762426081871344863e-01 7.346450500000001327e-01
2.990000000000000000e+02 9.764212163742690409e-01 6.720623999999999487e-01
3.000000000000000000e+02 9.764178479532164001e-01 7.441455499999998224e-01
3.010000000000000000e+02 9.759367485380117113e-01 7.449831000000000092e-01
3.020000000000000000e+02 9.768146900584795400e-01 7.348877000000000326e-01
3.030000000000000000e+02 9.766136257309941948e-01 7.492131000000001873e-01
3.040000000000000000e+02 9.762891111111111631e-01 6.577289000000000607e-01
3.050000000000000000e+02 9.766689707602339565e-01 7.861770999999999621e-01
3.060000000000000000e+02 9.764928538011695691e-01 6.644249000000002070e-01
3.070000000000000000e+02 9.765351812865497028e-01 5.962890499999999872e-01
3.080000000000000000e+02 9.772183859649122839e-01 6.342523500000001313e-01
3.090000000000000000e+02 9.767749122807017903e-01 7.762597499999999151e-01
3.100000000000000000e+02 9.772222690058479655e-01 7.848691499999999044e-01
3.110000000000000000e+02 9.770562573099415005e-01 7.008582500000000159e-01
3.120000000000000000e+02 9.768884795321637338e-01 6.729247499999999604e-01
3.130000000000000000e+02 9.770895672514618990e-01 7.513198999999999295e-01
3.140000000000000000e+02 9.773662339181287129e-01 6.640378500000001516e-01
3.150000000000000000e+02 9.767310643274853543e-01 7.274074499999998444e-01
3.160000000000000000e+02 9.771641988304093918e-01 7.707855999999999597e-01
3.170000000000000000e+02 9.774252631578947970e-01 7.274607499999999893e-01
3.180000000000000000e+02 9.775118479532164395e-01 7.901403499999999358e-01
3.190000000000000000e+02 9.769374736842104667e-01 7.103163500000000408e-01
3.200000000000000000e+02 9.773009356725146368e-01 7.642377000000000198e-01
3.210000000000000000e+02 9.776858128654970503e-01 5.692236000000001628e-01
3.220000000000000000e+02 9.770892280701753974e-01 7.675816999999999224e-01
3.230000000000000000e+02 9.774911812865496596e-01 7.506737999999999467e-01
3.240000000000000000e+02 9.775223040935672181e-01 7.568267000000000744e-01
3.250000000000000000e+02 9.773148421052630930e-01 7.154700000000000504e-01
3.260000000000000000e+02 9.776851695906433326e-01 7.741472500000001755e-01
3.270000000000000000e+02 9.779663742690059003e-01 7.582553499999999946e-01
3.280000000000000000e+02 9.775576140350876742e-01 7.590186000000000988e-01
3.290000000000000000e+02 9.745775906432748714e-01 7.460872999999998978e-01
3.300000000000000000e+02 9.753273450292397895e-01 7.510099999999999554e-01
3.310000000000000000e+02 9.770550292397660597e-01 7.885225499999999332e-01
3.320000000000000000e+02 9.767221403508772326e-01 7.836663999999999852e-01
3.330000000000000000e+02 9.770054035087719635e-01 7.997256000000000364e-01
3.340000000000000000e+02 9.773425146198830848e-01 8.005369999999999431e-01
3.350000000000000000e+02 9.775218245614035739e-01 7.715852500000000003e-01
3.360000000000000000e+02 9.774273216374268491e-01 7.709452499999998043e-01
3.370000000000000000e+02 9.773552631578946714e-01 7.558297999999997741e-01
3.380000000000000000e+02 9.777856608187134313e-01 6.986977500000000063e-01
3.390000000000000000e+02 9.774271228070174899e-01 7.643344000000001914e-01
3.400000000000000000e+02 9.774601754385965346e-01 7.064228500000000466e-01
3.410000000000000000e+02 9.780314385964912205e-01 7.317697499999999966e-01
3.420000000000000000e+02 9.781544210526316174e-01 7.645082000000000821e-01
3.430000000000000000e+02 9.776339064327485007e-01 6.228713499999998238e-01
3.440000000000000000e+02 9.781167485380116711e-01 7.284106000000001302e-01
3.450000000000000000e+02 9.776715204678362303e-01 7.391510499999999206e-01
3.460000000000000000e+02 9.779989239766081477e-01 6.603103999999998530e-01
3.470000000000000000e+02 9.780931812865497621e-01 7.627499000000000917e-01
3.480000000000000000e+02 9.782923625730993722e-01 6.420662499999998385e-01
3.490000000000000000e+02 9.782585497076023984e-01 7.774898499999999268e-01
3.500000000000000000e+02 9.778036374269005737e-01 7.639231999999999134e-01
3.510000000000000000e+02 9.782107602339180641e-01 7.523099000000000869e-01
3.520000000000000000e+02 9.787902573099415138e-01 6.812405999999999739e-01
3.530000000000000000e+02 9.785232046783625126e-01 7.585378000000001508e-01
3.540000000000000000e+02 9.780578245614034438e-01 7.388506999999999714e-01
3.550000000000000000e+02 9.785687368421052135e-01 7.270821499999999826e-01
3.560000000000000000e+02 9.786457426900584400e-01 7.463266000000001732e-01
3.570000000000000000e+02 9.786912280701755007e-01 8.027045999999999903e-01
3.580000000000000000e+02 9.788962923976608499e-01 7.782228999999998287e-01
3.590000000000000000e+02 9.786882690058479328e-01 7.604981500000000949e-01
3.600000000000000000e+02 9.789252397660819227e-01 7.777487000000000705e-01
3.610000000000000000e+02 9.789981871345029285e-01 5.725466999999999640e-01
3.620000000000000000e+02 9.778851695906433106e-01 7.754657499999999537e-01
3.630000000000000000e+02 9.785592748538011199e-01 8.049893500000000479e-01
3.640000000000000000e+02 9.787533333333333641e-01 7.720819999999999350e-01
3.650000000000000000e+02 9.787314035087719688e-01 7.751000999999999586e-01
3.660000000000000000e+02 9.788765380116959403e-01 6.940953499999997778e-01
3.670000000000000000e+02 9.788496257309940995e-01 7.934876499999999888e-01
3.680000000000000000e+02 9.788385964912280635e-01 7.004685500000000786e-01
3.690000000000000000e+02 9.788651111111111858e-01 7.856679000000001967e-01
3.700000000000000000e+02 9.791005730994151168e-01 7.598263999999999019e-01
3.710000000000000000e+02 9.788440701754386186e-01 7.483341999999999494e-01
3.720000000000000000e+02 9.791492748538010993e-01 6.718057000000001722e-01
3.730000000000000000e+02 9.789118713450292164e-01 5.930690000000001794e-01
3.740000000000000000e+02 9.793543157894737394e-01 6.402404999999998791e-01
3.750000000000000000e+02 9.766783040935672622e-01 6.994830499999999951e-01
3.760000000000000000e+02 9.783042339181285962e-01 7.305225500000001038e-01
3.770000000000000000e+02 9.781064093567251039e-01 8.015242499999999382e-01
3.780000000000000000e+02 9.787737777777777426e-01 5.919509999999998939e-01
3.790000000000000000e+02 9.724835789473684766e-01 8.008526000000000256e-01
3.800000000000000000e+02 9.765221520467836092e-01 7.438418999999999448e-01
3.810000000000000000e+02 9.770530760233918643e-01 7.612341999999998610e-01
3.820000000000000000e+02 9.785831695906432870e-01 7.798305999999999294e-01
3.830000000000000000e+02 9.784208304093566788e-01 7.107235500000002038e-01
3.840000000000000000e+02 9.787416374269005681e-01 7.826170999999999545e-01
3.850000000000000000e+02 9.789899181286549901e-01 7.609944000000001818e-01
3.860000000000000000e+02 9.783293333333333841e-01 7.685468499999998926e-01
3.870000000000000000e+02 9.788506549707602922e-01 7.962015500000000356e-01
3.880000000000000000e+02 9.787645029239766536e-01 7.803695500000000784e-01
3.890000000000000000e+02 9.791649707602338992e-01 7.781982499999999803e-01
3.900000000000000000e+02 9.790464912280701926e-01 7.630675000000000097e-01
3.910000000000000000e+02 9.792090877192982656e-01 7.979301499999998937e-01
3.920000000000000000e+02 9.793138713450292299e-01 7.830540000000000278e-01
3.930000000000000000e+02 9.791351695906432839e-01 7.090296499999999558e-01
3.940000000000000000e+02 9.793949824561403172e-01 7.331332500000000696e-01
3.950000000000000000e+02 9.791773567251461641e-01 8.056762000000000645e-01
3.960000000000000000e+02 9.792189824561403633e-01 7.865763500000000352e-01
3.970000000000000000e+02 9.796436608187134576e-01 7.742549999999999155e-01
3.980000000000000000e+02 9.796561052631579392e-01 7.337963499999999861e-01
3.990000000000000000e+02 9.798047602339181594e-01 6.930470500000001088e-01
4.000000000000000000e+02 9.790083625730994221e-01 7.405038499999998525e-01
4.010000000000000000e+02 9.791622807017543728e-01 7.790446999999999234e-01
4.020000000000000000e+02 9.794555087719297726e-01 8.072658499999999515e-01
4.030000000000000000e+02 9.792131695906433064e-01 8.007830499999999407e-01
4.040000000000000000e+02 9.798313099415204563e-01 7.170346499999997736e-01
4.050000000000000000e+02 9.794237543859649620e-01 7.593161499999999675e-01
4.060000000000000000e+02 9.800601754385964703e-01 8.031943500000000569e-01
4.070000000000000000e+02 9.795126900584795182e-01 7.478466499999998351e-01
4.080000000000000000e+02 9.800951812865497104e-01 6.840998999999998720e-01
4.090000000000000000e+02 9.797733216374269194e-01 7.428213500000000469e-01
4.100000000000000000e+02 9.799134619883040909e-01 7.307991000000000348e-01
4.110000000000000000e+02 9.799751812865497014e-01 7.824427499999999647e-01
4.120000000000000000e+02 9.796204093567251192e-01 6.652127500000000193e-01
4.130000000000000000e+02 9.797002923976607658e-01 7.929518499999999026e-01
4.140000000000000000e+02 9.798869239766081485e-01 6.344897999999998817e-01
4.150000000000000000e+02 9.799055555555555852e-01 7.461378500000001024e-01
4.160000000000000000e+02 9.796827251461988073e-01 7.870483999999999813e-01
4.170000000000000000e+02 9.803963508771930124e-01 7.887526999999999733e-01
4.180000000000000000e+02 9.795181169590643222e-01 6.660746999999997975e-01
4.190000000000000000e+02 9.803584444444444213e-01 6.229240499999999514e-01
4.200000000000000000e+02 9.802616842105263961e-01 7.330786000000000247e-01
4.210000000000000000e+02 9.802604678362573098e-01 7.960615500000000067e-01
4.220000000000000000e+02 9.800507719298245934e-01 7.134576000000001361e-01
4.230000000000000000e+02 9.804699883040935982e-01 7.675879500000000188e-01
4.240000000000000000e+02 9.799471578947368533e-01 7.324770500000001849e-01
4.250000000000000000e+02 9.803133450292397244e-01 7.404943999999999971e-01
4.260000000000000000e+02 9.804286666666666150e-01 7.901451999999999920e-01
4.270000000000000000e+02 9.798550292397660844e-01 7.802496000000000986e-01
4.280000000000000000e+02 9.802417777777777674e-01 6.920310000000000628e-01
4.290000000000000000e+02 9.803786081871345148e-01 7.795081999999999844e-01
4.300000000000000000e+02 9.800126432748538230e-01 7.757666499999997800e-01
4.310000000000000000e+02 9.804200467836257094e-01 6.874067000000001482e-01
4.320000000000000000e+02 9.802626549707602610e-01 7.395319000000001308e-01
4.330000000000000000e+02 9.803054035087719331e-01 7.461210999999998705e-01
4.340000000000000000e+02 9.803803976608187476e-01 7.753532999999998010e-01
4.350000000000000000e+02 9.803744093567251516e-01 7.798848499999999628e-01
4.360000000000000000e+02 9.803008771929825338e-01 7.419465000000000643e-01
4.370000000000000000e+02 9.804903625730994055e-01 7.203577000000001007e-01
4.380000000000000000e+02 9.803995789473683997e-01 7.491490499999998720e-01
4.390000000000000000e+02 9.808773333333332678e-01 7.345585500000000323e-01
4.400000000000000000e+02 9.809881403508772246e-01 8.040571999999999164e-01
4.410000000000000000e+02 9.804549824561403781e-01 7.763870499999999675e-01
4.420000000000000000e+02 9.810291578947368807e-01 7.799944500000000058e-01
4.430000000000000000e+02 9.807005263157895225e-01 7.801586000000000354e-01
4.440000000000000000e+02 9.806726432748538169e-01 7.945690499999999989e-01
4.450000000000000000e+02 9.723463976608186510e-01 7.687226499999999518e-01
4.460000000000000000e+02 9.787723391812865881e-01 7.618874499999999106e-01
4.470000000000000000e+02 9.792083742690058656e-01 8.037961000000000134e-01
4.480000000000000000e+02 9.796636725146198321e-01 7.233988499999999267e-01
4.490000000000000000e+02 9.800400818713450590e-01 5.660533999999998178e-01
4.500000000000000000e+02 9.805108654970761117e-01 7.190783499999999773e-01
4.510000000000000000e+02 9.802566198830409139e-01 7.490014999999998757e-01
4.520000000000000000e+02 9.801279766081871792e-01 7.936152499999998833e-01
4.530000000000000000e+02 9.803671929824561149e-01 8.213590000000000613e-01
4.540000000000000000e+02 9.804883274853801733e-01 6.663676499999999780e-01
4.550000000000000000e+02 9.807786666666666875e-01 7.307372999999999230e-01
4.560000000000000000e+02 9.807030409356725098e-01 7.994460000000001010e-01
4.570000000000000000e+02 9.805229239766081184e-01 7.769903499999999408e-01
4.580000000000000000e+02 9.807711695906432547e-01 7.455557000000000434e-01
4.590000000000000000e+02 9.808918128654970925e-01 7.384327999999997783e-01
4.600000000000000000e+02 9.808242573099414940e-01 8.084644999999999193e-01
4.610000000000000000e+02 9.808757894736841454e-01 7.302068500000000739e-01
4.620000000000000000e+02 9.806042807017544272e-01 7.711873999999998563e-01
4.630000000000000000e+02 9.807165614035088241e-01 6.065112000000001391e-01
4.640000000000000000e+02 9.807525146198829979e-01 6.544499500000000580e-01
4.650000000000000000e+02 9.807580233918128387e-01 7.306003999999999277e-01
4.660000000000000000e+02 9.808215906432748987e-01 6.896702999999998474e-01
4.670000000000000000e+02 9.808660935672515180e-01 8.101731999999999267e-01
4.680000000000000000e+02 9.807945146198829844e-01 7.757950000000000124e-01
4.690000000000000000e+02 9.811302573099415225e-01 7.849570499999999340e-01
4.700000000000000000e+02 9.810262456140350640e-01 7.942461000000001770e-01
4.710000000000000000e+02 9.810243274853801543e-01 7.409180999999999129e-01
4.720000000000000000e+02 9.810902690058479481e-01 7.061617000000000033e-01
4.730000000000000000e+02 9.814567719298245008e-01 8.140687999999999258e-01
4.740000000000000000e+02 9.814283976608186855e-01 7.450512999999998609e-01
4.750000000000000000e+02 9.816227953216374313e-01 7.240804500000000976e-01
4.760000000000000000e+02 9.811620701754386609e-01 7.636676999999999493e-01
4.770000000000000000e+02 9.810814502923976832e-01 6.568348000000001630e-01
4.780000000000000000e+02 9.814184912280701223e-01 7.474618499999999832e-01
4.790000000000000000e+02 9.813413099415204677e-01 7.569207500000000310e-01
4.800000000000000000e+02 9.814629590643274559e-01 7.244208499999997830e-01
4.810000000000000000e+02 9.813132280701754029e-01 6.524448499999998541e-01
4.820000000000000000e+02 9.813509239766081693e-01 6.911002499999999715e-01
4.830000000000000000e+02 9.813462807017543366e-01 7.571273999999998949e-01
4.840000000000000000e+02 9.814729005847953047e-01 7.395809499999999037e-01
4.850000000000000000e+02 9.813550175438596757e-01 7.870505500000000154e-01
4.860000000000000000e+02 9.814510643274854118e-01 8.073570500000000205e-01
4.870000000000000000e+02 9.812733216374268652e-01 6.630468999999999946e-01
4.880000000000000000e+02 9.814111929824561598e-01 7.259493499999998267e-01
4.890000000000000000e+02 9.809411812865497238e-01 6.082611499999999172e-01
4.900000000000000000e+02 9.802632748538011587e-01 7.352482499999999366e-01
4.910000000000000000e+02 9.810404912280701328e-01 7.578116000000000296e-01
4.920000000000000000e+02 9.809689005847953558e-01 7.950413500000000910e-01
4.930000000000000000e+02 9.809954152046783671e-01 7.956933000000000478e-01
4.940000000000000000e+02 9.814457543859649302e-01 7.201736499999999985e-01
4.950000000000000000e+02 9.811831695906433337e-01 8.005896500000000415e-01
4.960000000000000000e+02 9.816378011695906514e-01 7.603339499999999251e-01
4.970000000000000000e+02 9.813979181286549558e-01 7.633051500000000988e-01
4.980000000000000000e+02 9.815164795321638103e-01 7.130034499999999831e-01
4.990000000000000000e+02 9.816338245614034674e-01 7.419553999999999316e-01
5.000000000000000000e+02 9.815133450292398143e-01 7.821973499999999024e-01
5.010000000000000000e+02 9.817606549707602603e-01 6.522673999999999417e-01
5.020000000000000000e+02 9.816368654970760721e-01 7.522867999999999222e-01
5.030000000000000000e+02 9.815846666666666609e-01 7.941712499999999952e-01
5.040000000000000000e+02 9.814194619883040982e-01 7.700679000000000274e-01
5.050000000000000000e+02 9.818039064327485077e-01 7.498739999999999295e-01
5.060000000000000000e+02 9.815746432748537753e-01 7.331314500000001289e-01
5.070000000000000000e+02 9.818747017543859590e-01 7.521778500000000367e-01
5.080000000000000000e+02 9.817244327485380451e-01 7.759840500000000363e-01
5.090000000000000000e+02 9.819582339181286423e-01 7.927211000000000674e-01
5.100000000000000000e+02 9.815115321637426504e-01 7.665492499999999598e-01
5.110000000000000000e+02 9.815849941520468080e-01 8.096887499999999571e-01
5.120000000000000000e+02 9.818068538011696100e-01 7.960274000000000516e-01
5.130000000000000000e+02 9.818058830409357451e-01 7.783987499999999171e-01
5.140000000000000000e+02 9.818562807017544580e-01 7.911969499999998989e-01
5.150000000000000000e+02 9.817702339181286764e-01 7.927409499999999998e-01
5.160000000000000000e+02 9.822084678362572596e-01 6.857159000000000448e-01
5.170000000000000000e+02 9.818027017543859980e-01 7.981278499999999720e-01
5.180000000000000000e+02 9.820098713450292616e-01 7.531532000000000782e-01
5.190000000000000000e+02 9.817302690058479220e-01 8.127956000000000625e-01
5.200000000000000000e+02 9.818414619883041317e-01 7.378454500000000138e-01
5.210000000000000000e+02 9.823698596491228230e-01 7.774044000000001065e-01
5.220000000000000000e+02 9.821147836257310137e-01 7.854658500000000210e-01
5.230000000000000000e+02 9.822701403508772300e-01 7.414861499999998440e-01
5.240000000000000000e+02 9.822497894736842428e-01 7.610429999999998030e-01
5.250000000000000000e+02 9.820721520467836640e-01 7.742709999999999315e-01
5.260000000000000000e+02 9.819786315789473807e-01 5.509975500000001691e-01
5.270000000000000000e+02 9.818707251461987751e-01 7.453805500000001416e-01
5.280000000000000000e+02 9.820072163742690208e-01 7.431823500000001026e-01
5.290000000000000000e+02 9.820096374269006168e-01 7.765257999999999328e-01
5.300000000000000000e+02 9.816307719298246193e-01 8.064559499999999215e-01
5.310000000000000000e+02 9.820472280701754153e-01 7.958653000000001088e-01
5.320000000000000000e+02 9.820955438596491449e-01 8.063357500000000178e-01
5.330000000000000000e+02 9.821030409356724666e-01 7.174474999999997937e-01
5.340000000000000000e+02 9.820810175438596801e-01 6.503577000000000385e-01
5.350000000000000000e+02 9.823019649122807229e-01 7.986232999999999249e-01
5.360000000000000000e+02 9.818714269005848205e-01 7.762473999999999208e-01
5.370000000000000000e+02 9.820594502923976066e-01 7.762659000000000642e-01
5.380000000000000000e+02 9.821443625730994498e-01 7.941803499999999794e-01
5.390000000000000000e+02 9.769589473684210379e-01 8.310662500000000064e-01
5.400000000000000000e+02 9.801608538011695737e-01 7.282572999999998853e-01
5.410000000000000000e+02 9.808797076023392236e-01 7.251209999999999045e-01
5.420000000000000000e+02 9.817030877192982619e-01 7.158704000000000178e-01
5.430000000000000000e+02 9.817181286549707675e-01 7.360630999999999702e-01
5.440000000000000000e+02 9.819731812865497567e-01 8.083972500000000672e-01
5.450000000000000000e+02 9.817873801169590964e-01 7.640922999999998355e-01
5.460000000000000000e+02 9.816741052631579034e-01 5.568005500000001717e-01
5.470000000000000000e+02 9.822124093567251579e-01 8.076930500000000235e-01
5.480000000000000000e+02 9.818743157894737061e-01 7.620770499999998115e-01
5.490000000000000000e+02 9.820056959064327184e-01 7.053736000000001560e-01
5.500000000000000000e+02 9.818135087719298548e-01 7.471019000000000965e-01
5.510000000000000000e+02 9.820855321637427249e-01 7.823688499999997825e-01
5.520000000000000000e+02 9.821512046783625882e-01 7.909874000000000072e-01
5.530000000000000000e+02 9.819158362573099375e-01 7.409653000000000489e-01
5.540000000000000000e+02 9.819092631578947294e-01 7.437658000000000325e-01
5.550000000000000000e+02 9.822848654970760540e-01 7.987793499999999991e-01
5.560000000000000000e+02 9.822831461988303925e-01 7.656086500000000017e-01
5.570000000000000000e+02 9.821280233918128211e-01 7.793030000000000790e-01
5.580000000000000000e+02 9.821716959064327179e-01 7.510108500000000076e-01
5.590000000000000000e+02 9.824375321637427438e-01 7.910435999999999579e-01
5.600000000000000000e+02 9.821913333333333052e-01 7.495153999999999428e-01
5.610000000000000000e+02 9.818671695906432406e-01 6.931714500000000223e-01
5.620000000000000000e+02 9.822786900584795644e-01 8.027514000000000038e-01
5.630000000000000000e+02 9.819022456140350519e-01 7.343773500000001508e-01
5.640000000000000000e+02 9.825874619883041561e-01 7.420256000000000629e-01
5.650000000000000000e+02 9.824881052631578848e-01 8.021627499999999245e-01
5.660000000000000000e+02 9.825201988304093081e-01 7.041174000000000044e-01
5.670000000000000000e+02 9.823009356725146413e-01 6.075713500000002876e-01
5.680000000000000000e+02 9.822185847953216475e-01 6.912131500000000539e-01
5.690000000000000000e+02 9.825620701754386177e-01 6.935080499999999315e-01
5.700000000000000000e+02 9.821250877192982953e-01 6.902823999999997406e-01
5.710000000000000000e+02 9.823856842105262999e-01 7.545304999999999929e-01
5.720000000000000000e+02 9.823611578947367695e-01 7.408875999999999795e-01
5.730000000000000000e+02 9.823916140350876791e-01 8.224091500000001442e-01
5.740000000000000000e+02 9.825862573099415354e-01 7.342280999999999391e-01
5.750000000000000000e+02 9.828306783625730958e-01 7.871690499999998147e-01
5.760000000000000000e+02 9.823708304093566879e-01 7.471370499999999693e-01
5.770000000000000000e+02 9.822953918128655149e-01 7.461351999999999984e-01
5.780000000000000000e+02 9.827917543859648886e-01 7.170119000000001463e-01
5.790000000000000000e+02 9.827679883040935094e-01 7.943044500000000507e-01
5.800000000000000000e+02 9.822029707602338844e-01 7.418296500000001181e-01
5.810000000000000000e+02 9.825808888888888371e-01 7.385176499999999145e-01
5.820000000000000000e+02 9.829045730994152574e-01 7.084745999999999544e-01
5.830000000000000000e+02 9.823411695906433261e-01 7.508285500000000390e-01
5.840000000000000000e+02 9.822933684210526373e-01 7.318334000000000783e-01
5.850000000000000000e+02 9.825174035087719249e-01 7.922970500000000582e-01
5.860000000000000000e+02 9.824843040935672400e-01 7.804880999999999069e-01
5.870000000000000000e+02 9.824372982456139880e-01 7.999264500000000666e-01
5.880000000000000000e+02 9.827453918128654653e-01 6.484091499999999897e-01
5.890000000000000000e+02 9.827998830409356845e-01 7.411437499999999901e-01
5.900000000000000000e+02 9.828452748538011319e-01 6.517841000000001994e-01
5.910000000000000000e+02 9.828972397660818983e-01 7.403845500000000301e-01
5.920000000000000000e+02 9.826649122807017411e-01 7.004987000000000297e-01
5.930000000000000000e+02 9.828658596491227639e-01 7.884649499999999422e-01
5.940000000000000000e+02 9.826429005847953091e-01 7.048935499999999799e-01
5.950000000000000000e+02 9.830042105263158136e-01 7.969693999999999390e-01
5.960000000000000000e+02 9.826850175438596180e-01 7.421497499999997194e-01
5.970000000000000000e+02 9.813992280701754334e-01 6.738772500000003163e-01
5.980000000000000000e+02 9.825601169590643114e-01 7.137746000000000368e-01
5.990000000000000000e+02 9.826773216374269371e-01 7.449266500000000235e-01
6.000000000000000000e+02 9.827233333333333931e-01 7.802218000000000764e-01
6.010000000000000000e+02 9.829341052631578313e-01 7.423029000000000988e-01
6.020000000000000000e+02 9.827745964912281140e-01 7.836244999999999461e-01
6.030000000000000000e+02 9.826752631578947739e-01 7.887772500000000964e-01
6.040000000000000000e+02 9.827863859649123013e-01 6.990138999999999658e-01
6.050000000000000000e+02 9.825381403508771649e-01 7.674587500000001894e-01
6.060000000000000000e+02 9.827470409356725556e-01 7.998022500000000479e-01
6.070000000000000000e+02 9.827949473684209902e-01 7.138727999999999740e-01
6.080000000000000000e+02 9.827359415204678372e-01 7.462967999999999824e-01
6.090000000000000000e+02 9.829725263157894632e-01 7.509399999999999409e-01
6.100000000000000000e+02 9.830178011695906992e-01 7.518044000000001503e-01
6.110000000000000000e+02 9.829459883040935209e-01 7.629566000000000958e-01
6.120000000000000000e+02 9.827773918128654973e-01 7.935807000000000277e-01
6.130000000000000000e+02 9.827836257309942036e-01 7.589843499999998633e-01
6.140000000000000000e+02 9.828452982456140630e-01 7.782980000000000453e-01
6.150000000000000000e+02 9.827324678362573396e-01 7.481704500000001534e-01
6.160000000000000000e+02 9.829822339181286672e-01 8.051945499999999534e-01
6.170000000000000000e+02 9.830256374269006336e-01 7.258035499999999640e-01
6.180000000000000000e+02 9.830699649122807138e-01 6.935960000000001013e-01
6.190000000000000000e+02 9.829081754385965430e-01 7.763961500000000626e-01
6.200000000000000000e+02 9.829731929824562231e-01 7.160893499999999579e-01
6.210000000000000000e+02 9.827263040935672045e-01 7.471501000000000392e-01
6.220000000000000000e+02 9.827291929824560901e-01 7.110690500000000913e-01
6.230000000000000000e+02 9.827908304093567748e-01 7.759161999999999448e-01
6.240000000000000000e+02 9.828446432748537687e-01 7.382345000000000157e-01
6.250000000000000000e+02 9.826835321637427123e-01 7.816469999999999807e-01
6.260000000000000000e+02 9.829161637426900855e-01 7.753411499999999235e-01
6.270000000000000000e+02 9.830045730994152464e-01 7.378720500000000015e-01
6.280000000000000000e+02 9.829888771929824465e-01 8.022974000000000494e-01
6.290000000000000000e+02 9.830194502923976785e-01 7.616089000000001441e-01
6.300000000000000000e+02 9.830790877192981947e-01 7.830082499999999612e-01
6.310000000000000000e+02 9.830252982456140209e-01 7.782923499999998551e-01
6.320000000000000000e+02 9.829242807017544159e-01 7.879342500000000582e-01
6.330000000000000000e+02 9.827952748538011374e-01 7.361669500000000976e-01
6.340000000000000000e+02 9.829183040935672855e-01 7.675549999999999873e-01
6.350000000000000000e+02 9.832556725146198717e-01 7.807384000000000546e-01
6.360000000000000000e+02 9.830424912280701921e-01 7.181167000000000522e-01
6.370000000000000000e+02 9.831876023391813435e-01 7.302516000000001117e-01
6.380000000000000000e+02 9.829751578947368840e-01 7.132755499999998694e-01
6.390000000000000000e+02 9.828451578947368095e-01 7.423429499999998349e-01
6.400000000000000000e+02 9.830789824561403378e-01 8.127445500000001211e-01
6.410000000000000000e+02 9.831557543859649195e-01 7.520955000000000279e-01
6.420000000000000000e+02 9.829741052631578713e-01 8.049188500000000746e-01
6.430000000000000000e+02 9.831729941520468419e-01 7.216933500000000112e-01
6.440000000000000000e+02 9.830596023391813265e-01 7.519276999999998656e-01
6.450000000000000000e+02 9.830662456140351058e-01 7.882815999999999157e-01
6.460000000000000000e+02 9.830774736842105010e-01 5.969870500000001856e-01
6.470000000000000000e+02 9.831054619883040635e-01 6.365837000000000856e-01
6.480000000000000000e+02 9.831828771929824740e-01 7.621563000000000088e-01
6.490000000000000000e+02 9.829414619883041215e-01 8.087880499999999806e-01
6.500000000000000000e+02 9.832684093567251038e-01 8.211170500000001260e-01
6.510000000000000000e+02 9.832253684210525702e-01 7.822998000000001007e-01
6.520000000000000000e+02 9.832013216374269060e-01 8.029370500000000410e-01
6.530000000000000000e+02 9.830801520467835619e-01 7.389981000000001021e-01
6.540000000000000000e+02 9.832651695906432510e-01 7.856902999999999526e-01
6.550000000000000000e+02 9.829094269005848039e-01 6.756718999999999919e-01
6.560000000000000000e+02 9.832369590643275092e-01 8.070937000000001360e-01
6.570000000000000000e+02 9.829288654970760319e-01 7.672367499999999119e-01
6.580000000000000000e+02 9.833054853801169726e-01 7.740064500000001235e-01
6.590000000000000000e+02 9.831789707602338613e-01 8.090865000000001528e-01
6.600000000000000000e+02 9.830960701754386522e-01 7.414148999999999878e-01
6.610000000000000000e+02 9.831847134502924579e-01 7.248013499999998999e-01
6.620000000000000000e+02 9.830381754385965065e-01 7.813609999999997502e-01
6.630000000000000000e+02 9.833250877192982742e-01 7.581605499999999331e-01
6.640000000000000000e+02 9.833041871345029605e-01 8.052987999999999813e-01
6.650000000000000000e+02 9.834508654970760544e-01 7.570717499999999323e-01
6.660000000000000000e+02 9.832870994152046462e-01 7.914216500000000876e-01
6.670000000000000000e+02 9.831740701754385636e-01 8.093255500000000602e-01
6.680000000000000000e+02 9.834235321637426752e-01 7.735759500000000122e-01
6.690000000000000000e+02 9.834386783625731487e-01 8.092322999999999045e-01
6.700000000000000000e+02 9.836551812865497180e-01 6.808583499999999455e-01
6.710000000000000000e+02 9.830723976608186643e-01 8.013089499999999088e-01
6.720000000000000000e+02 9.834545497076023768e-01 7.327263999999997779e-01
6.730000000000000000e+02 9.835633801169590962e-01 8.042606999999999395e-01
6.740000000000000000e+02 9.833494619883040855e-01 7.913633500000001320e-01
6.750000000000000000e+02 9.833502573099415223e-01 7.947284500000001417e-01
6.760000000000000000e+02 9.834172982456140799e-01 6.825395000000000767e-01
6.770000000000000000e+02 9.835132280701753826e-01 6.315470999999999169e-01
6.780000000000000000e+02 9.833749005847953750e-01 7.607968999999999982e-01
6.790000000000000000e+02 9.836314269005848043e-01 7.844884999999999220e-01
6.800000000000000000e+02 9.832535321637426717e-01 6.608457500000002316e-01
6.810000000000000000e+02 9.835301754385964434e-01 7.951772499999998356e-01
6.820000000000000000e+02 9.834497426900584705e-01 7.546004499999999782e-01
6.830000000000000000e+02 9.836512046783625340e-01 7.306421500000001013e-01
6.840000000000000000e+02 9.830556374269006081e-01 7.954455000000000275e-01
6.850000000000000000e+02 9.838277543859649255e-01 7.835564999999998781e-01
6.860000000000000000e+02 9.834347017543859648e-01 8.044003999999999044e-01
6.870000000000000000e+02 9.833759649122807422e-01 7.995280000000000165e-01
6.880000000000000000e+02 9.830947485380117090e-01 7.740759999999997643e-01
6.890000000000000000e+02 9.832593567251461941e-01 7.874609999999999665e-01
6.900000000000000000e+02 9.836994970760234436e-01 7.415471500000000438e-01
6.910000000000000000e+02 9.833716374269005911e-01 6.823569500000001842e-01
6.920000000000000000e+02 9.832851461988304509e-01 8.018362500000000281e-01
6.930000000000000000e+02 9.833414152046783263e-01 7.976881999999997364e-01
6.940000000000000000e+02 9.835959415204678091e-01 6.623345999999999956e-01
6.950000000000000000e+02 9.835697660818712995e-01 7.814203500000000968e-01
6.960000000000000000e+02 9.833539766081871303e-01 7.924916500000001029e-01
6.970000000000000000e+02 9.838043859649122647e-01 7.620668499999998513e-01
6.980000000000000000e+02 9.833050058479532174e-01 7.996376499999999776e-01
6.990000000000000000e+02 9.836929473684210556e-01 7.826868500000001561e-01
7.000000000000000000e+02 9.836534619883040564e-01 7.322130500000001430e-01
7.010000000000000000e+02 9.833982573099415703e-01 7.810835500000000708e-01
7.020000000000000000e+02 9.835972865497075723e-01 7.316568499999999142e-01
7.030000000000000000e+02 9.835016023391812690e-01 7.749652500000001609e-01
7.040000000000000000e+02 9.837719766081871597e-01 7.809227999999999170e-01
7.050000000000000000e+02 9.835615087719298266e-01 6.817489500000000202e-01
7.060000000000000000e+02 9.834800467836257720e-01 7.764669499999998781e-01
7.070000000000000000e+02 9.834968771929825104e-01 8.023801999999997658e-01
7.080000000000000000e+02 9.837946900584795262e-01 8.050439000000000345e-01
7.090000000000000000e+02 9.835352748538012113e-01 7.715952000000000366e-01
7.100000000000000000e+02 9.835730643274853691e-01 7.829696500000000725e-01
7.110000000000000000e+02 9.837081403508771693e-01 7.487938000000000649e-01
7.120000000000000000e+02 9.838396257309941495e-01 7.983567999999999776e-01
7.130000000000000000e+02 9.833447368421052159e-01 7.077427999999998942e-01
7.140000000000000000e+02 9.836796842105263172e-01 8.046984000000001469e-01
7.150000000000000000e+02 9.835925730994151683e-01 7.992191999999999075e-01
7.160000000000000000e+02 9.835979064327485810e-01 7.638682500000000264e-01
7.170000000000000000e+02 9.838274619883040639e-01 7.627934000000000658e-01
7.180000000000000000e+02 9.835686783625731122e-01 7.466277500000000344e-01
7.190000000000000000e+02 9.836656140350876765e-01 7.999036499999999661e-01
7.200000000000000000e+02 9.835762923976608674e-01 7.428167499999998036e-01
7.210000000000000000e+02 9.836747368421052684e-01 7.294300499999999410e-01
7.220000000000000000e+02 9.838465263157895047e-01 7.844680999999998905e-01
7.230000000000000000e+02 9.837543508771929845e-01 7.806521500000001001e-01
7.240000000000000000e+02 9.838820818713450711e-01 8.021595000000000253e-01
7.250000000000000000e+02 9.837055321637426797e-01 6.581317000000002082e-01
7.260000000000000000e+02 9.833496140350876935e-01 7.166506999999999739e-01
7.270000000000000000e+02 9.834608771929824744e-01 7.811053500000000316e-01
7.280000000000000000e+02 9.834042105263157696e-01 7.215348000000000317e-01
7.290000000000000000e+02 9.837437894736842381e-01 7.606800000000000228e-01
7.300000000000000000e+02 9.836994502923976924e-01 7.197479000000002181e-01
7.310000000000000000e+02 9.836631812865497260e-01 7.642639500000000252e-01
7.320000000000000000e+02 9.833766549707602111e-01 8.054257000000000222e-01
7.330000000000000000e+02 9.834538011695906912e-01 7.309483000000001063e-01
7.340000000000000000e+02 9.835773450292397690e-01 7.988650000000002693e-01
7.350000000000000000e+02 9.837780584795321470e-01 7.875067499999999221e-01
7.360000000000000000e+02 9.836385730994151588e-01 7.456779499999999228e-01
7.370000000000000000e+02 9.838332748538012318e-01 7.791524499999998854e-01
7.380000000000000000e+02 9.837143976608186957e-01 7.683063999999999449e-01
7.390000000000000000e+02 9.834816842105262857e-01 8.048480500000000371e-01
7.400000000000000000e+02 9.838366315789474070e-01 7.915177000000001017e-01
7.410000000000000000e+02 9.835223742690059057e-01 7.721269000000000604e-01
7.420000000000000000e+02 9.835517777777778026e-01 7.913150500000000198e-01
7.430000000000000000e+02 9.838812748538011688e-01 7.876980499999999275e-01
7.440000000000000000e+02 9.837044912280701325e-01 7.143922999999998691e-01
7.450000000000000000e+02 9.836173333333333435e-01 8.129338500000000689e-01
7.460000000000000000e+02 9.837913333333333510e-01 8.190667000000000364e-01
7.470000000000000000e+02 9.837870058479531998e-01 7.236265000000000613e-01
7.480000000000000000e+02 9.838801169590642992e-01 7.228818999999999662e-01
7.490000000000000000e+02 9.837871578947369189e-01 7.011316000000000770e-01
7.500000000000000000e+02 9.838760233918129039e-01 7.848270500000000816e-01
7.510000000000000000e+02 9.838922807017543848e-01 7.603913500000000214e-01
7.520000000000000000e+02 9.837609473684210126e-01 7.686855000000000215e-01
7.530000000000000000e+02 9.839140935672514576e-01 7.767420000000000435e-01
7.540000000000000000e+02 9.838221754385965134e-01 8.016052999999999651e-01
7.550000000000000000e+02 9.838516959064327327e-01 7.953892500000000476e-01
7.560000000000000000e+02 9.837555321637426742e-01 8.008803500000001296e-01
7.570000000000000000e+02 9.838086900584794847e-01 8.164347499999999869e-01
7.580000000000000000e+02 9.836470409356724565e-01 7.223493999999999193e-01
7.590000000000000000e+02 9.837955555555555343e-01 7.778933000000001208e-01
7.600000000000000000e+02 9.838010994152046607e-01 7.949992500000001572e-01
7.610000000000000000e+02 9.836581871345029260e-01 6.928192499999998866e-01
7.620000000000000000e+02 9.837581520467836294e-01 7.907412000000000329e-01
7.630000000000000000e+02 9.837662690058479598e-01 8.123269499999998811e-01
7.640000000000000000e+02 9.837105614035087653e-01 7.970228499999998384e-01
7.650000000000000000e+02 9.839039415204677841e-01 8.263111000000000761e-01
7.660000000000000000e+02 9.836949005847952510e-01 7.694491499999999151e-01
7.670000000000000000e+02 9.837177777777778021e-01 7.434336500000000569e-01
7.680000000000000000e+02 9.839091345029239433e-01 7.674970999999999322e-01
7.690000000000000000e+02 9.839250877192982081e-01 7.057178499999998689e-01
7.700000000000000000e+02 9.839338713450292984e-01 8.033665999999999308e-01
7.710000000000000000e+02 9.836646081871345260e-01 7.615727000000001023e-01
7.720000000000000000e+02 9.839638713450292729e-01 7.850281999999999538e-01
7.730000000000000000e+02 9.838285614035087168e-01 7.944630500000000595e-01
7.740000000000000000e+02 9.839912514619882922e-01 6.993659500000000140e-01
7.750000000000000000e+02 9.838054385964912774e-01 7.725432499999999036e-01
7.760000000000000000e+02 9.839610994152047097e-01 8.072910999999998172e-01
7.770000000000000000e+02 9.842012982456139758e-01 7.311080499999997873e-01
7.780000000000000000e+02 9.837958011695906446e-01 7.951031499999999808e-01
7.790000000000000000e+02 9.838905730994151888e-01 7.410197000000000589e-01
7.800000000000000000e+02 9.837969356725145831e-01 7.499241000000000934e-01
7.810000000000000000e+02 9.838114502923976934e-01 7.788340000000000263e-01
7.820000000000000000e+02 9.839814853801169825e-01 8.093508500000000661e-01
7.830000000000000000e+02 9.839107251461988168e-01 6.763958000000001025e-01
7.840000000000000000e+02 9.838083040935672319e-01 7.913844000000000989e-01
7.850000000000000000e+02 9.839491812865497344e-01 8.006427999999999878e-01
7.860000000000000000e+02 9.838660233918128384e-01 8.159524000000000221e-01
7.870000000000000000e+02 9.840771111111110692e-01 7.834512500000000434e-01
7.880000000000000000e+02 9.841021169590643547e-01 7.487686499999999246e-01
7.890000000000000000e+02 9.838713684210526056e-01 8.051721999999998935e-01
7.900000000000000000e+02 9.838466198830408960e-01 7.685508000000000894e-01
7.910000000000000000e+02 9.840816257309941140e-01 7.677153999999998257e-01
7.920000000000000000e+02 9.839048654970760088e-01 8.060639499999999735e-01
7.930000000000000000e+02 9.841465029239766515e-01 7.234865000000001434e-01
7.940000000000000000e+02 9.839860935672514186e-01 7.924094500000000707e-01
7.950000000000000000e+02 9.840329356725145971e-01 7.773980999999999808e-01
7.960000000000000000e+02 9.839526198830409465e-01 7.201628999999998282e-01
7.970000000000000000e+02 9.839361637426899954e-01 7.828543000000001140e-01
7.980000000000000000e+02 9.840691111111110612e-01 8.020999000000000878e-01
7.990000000000000000e+02 9.839638830409356274e-01 7.726410499999999404e-01
8.000000000000000000e+02 9.840107134502923403e-01 7.678433499999999245e-01
8.010000000000000000e+02 9.838648304093566832e-01 7.445960499999999538e-01
8.020000000000000000e+02 9.838661403508771608e-01 7.640318499999998458e-01
8.030000000000000000e+02 9.839478596491227913e-01 7.206055499999999281e-01
8.040000000000000000e+02 9.838154502923976974e-01 6.512984999999997804e-01
8.050000000000000000e+02 9.837345847953216094e-01 7.611439000000000954e-01
8.060000000000000000e+02 9.838915789473683393e-01 8.118534500000000875e-01
8.070000000000000000e+02 9.840754035087719842e-01 8.075034500000000115e-01
8.080000000000000000e+02 9.839465497076023137e-01 7.508125000000001048e-01
8.090000000000000000e+02 9.840344444444444338e-01 7.708691000000000848e-01
8.100000000000000000e+02 9.838419415204677776e-01 7.867607499999998977e-01
8.110000000000000000e+02 9.839484093567251177e-01 7.506665999999999617e-01
8.120000000000000000e+02 9.840394269005847683e-01 7.571247499999999020e-01
8.130000000000000000e+02 9.839452865497075873e-01 7.956722999999998880e-01
8.140000000000000000e+02 9.838897894736842176e-01 7.174456000000000166e-01
8.150000000000000000e+02 9.839369005847953265e-01 7.811169999999999503e-01
8.160000000000000000e+02 9.841524210526315652e-01 7.602571000000000190e-01
8.170000000000000000e+02 9.841390994152047211e-01 7.675594500000000320e-01
8.180000000000000000e+02 9.840738713450292163e-01 7.558774999999998689e-01
8.190000000000000000e+02 9.840238830409356874e-01 7.456192999999999849e-01
8.200000000000000000e+02 9.838283625730994686e-01 7.625719999999999166e-01
8.210000000000000000e+02 9.839799883040936113e-01 7.827778999999999154e-01
8.220000000000000000e+02 9.840584912280702090e-01 7.044047000000002168e-01
8.230000000000000000e+02 9.838322573099415047e-01 6.717264000000000568e-01
8.240000000000000000e+02 9.839338830409356529e-01 7.985698500000001365e-01
8.250000000000000000e+02 9.841234736842104924e-01 7.332659999999999734e-01
8.260000000000000000e+02 9.839501052631579592e-01 8.069051999999998781e-01
8.270000000000000000e+02 9.841047602339181299e-01 8.021205499999999322e-01
8.280000000000000000e+02 9.841439181286549820e-01 7.800381499999999857e-01
8.290000000000000000e+02 9.841537192982455773e-01 6.034917500000002155e-01
8.300000000000000000e+02 9.837829824561403758e-01 7.458211500000001548e-01
8.310000000000000000e+02 9.840543040935672003e-01 7.778391499999999237e-01
8.320000000000000000e+02 9.839069707602339232e-01 7.660822999999999938e-01
8.330000000000000000e+02 9.838733333333333775e-01 7.410868499999999637e-01
8.340000000000000000e+02 9.840323274853801649e-01 7.477721999999999980e-01
8.350000000000000000e+02 9.839723040935672849e-01 7.389463499999999740e-01
8.360000000000000000e+02 9.841998011695906046e-01 8.058720999999999801e-01
8.370000000000000000e+02 9.840241988304093690e-01 7.602845500000001699e-01
8.380000000000000000e+02 9.838871228070175112e-01 7.254071500000000006e-01
8.390000000000000000e+02 9.839027134502924543e-01 7.192260999999999793e-01
8.400000000000000000e+02 9.842249941520467837e-01 7.576716000000000006e-01
8.410000000000000000e+02 9.838833567251461520e-01 7.940257499999998636e-01
8.420000000000000000e+02 9.840616608187134906e-01 7.944667499999999993e-01
8.430000000000000000e+02 9.839964561403509169e-01 7.521919999999999717e-01
8.440000000000000000e+02 9.837471578947368789e-01 7.316749500000000461e-01
8.450000000000000000e+02 9.840462807017543723e-01 7.774928999999999313e-01
8.460000000000000000e+02 9.840099064327485490e-01 7.755618500000001081e-01
8.470000000000000000e+02 9.843753684210525545e-01 7.472189999999998555e-01
8.480000000000000000e+02 9.841090409356725299e-01 8.112908999999999260e-01
8.490000000000000000e+02 9.840995555555555052e-01 8.001537499999998859e-01
8.500000000000000000e+02 9.842073099415205029e-01 7.453367999999997995e-01
8.510000000000000000e+02 9.842973567251461775e-01 7.212301999999999325e-01
8.520000000000000000e+02 9.841825964912280789e-01 7.951383999999999119e-01
8.530000000000000000e+02 9.841317309941520763e-01 8.215371000000000201e-01
8.540000000000000000e+02 9.842008070175438661e-01 7.633679000000000991e-01
8.550000000000000000e+02 9.842761988304093990e-01 7.565098000000002321e-01
8.560000000000000000e+02 9.843128888888889039e-01 7.887891000000000208e-01
8.570000000000000000e+02 9.843166198830408664e-01 7.876836999999998756e-01
8.580000000000000000e+02 9.842424444444444198e-01 8.097318499999999197e-01
8.590000000000000000e+02 9.841329356725145860e-01 7.956208000000001279e-01
8.600000000000000000e+02 9.844234152046783537e-01 7.325156500000000737e-01
8.610000000000000000e+02 9.841059415204678196e-01 7.927712499999999274e-01
8.620000000000000000e+02 9.841505964912280469e-01 8.096067999999999598e-01
8.630000000000000000e+02 9.840745964912280819e-01 7.590441500000000286e-01
8.640000000000000000e+02 9.842392631578946727e-01 8.150439999999998797e-01
8.650000000000000000e+02 9.841880818713449885e-01 8.047015000000000695e-01
8.660000000000000000e+02 9.842792046783626070e-01 7.328312999999999633e-01
8.670000000000000000e+02 9.842025146198830621e-01 8.036409499999999095e-01
8.680000000000000000e+02 9.843040935672514591e-01 7.739144999999999497e-01
8.690000000000000000e+02 9.841103508771930075e-01 7.680013999999999452e-01
8.700000000000000000e+02 9.839860818713450641e-01 7.537459000000000797e-01
8.710000000000000000e+02 9.839220233918128944e-01 8.016406500000000657e-01
8.720000000000000000e+02 9.840390175438596954e-01 6.761683000000000554e-01
8.730000000000000000e+02 9.841555204678362756e-01 8.011647000000000629e-01
8.740000000000000000e+02 9.838778245614034912e-01 7.597137000000000473e-01
8.750000000000000000e+02 9.841847134502923478e-01 7.077099499999999210e-01
8.760000000000000000e+02 9.845207719298245674e-01 7.613182499999998631e-01
8.770000000000000000e+02 9.841610877192982221e-01 7.886439000000000643e-01
8.780000000000000000e+02 9.844093099415204273e-01 7.766046999999999256e-01
8.790000000000000000e+02 9.844113684210525905e-01 7.997072499999998696e-01
8.800000000000000000e+02 9.841271111111110637e-01 8.131018999999999330e-01
8.810000000000000000e+02 9.842691461988304358e-01 7.700033499999998643e-01
8.820000000000000000e+02 9.841763742690058381e-01 7.640403500000000347e-01
8.830000000000000000e+02 9.843546549707602455e-01 7.326369999999999827e-01
8.840000000000000000e+02 9.840965964912280484e-01 7.787709000000000437e-01
8.850000000000000000e+02 9.843643742690058041e-01 7.977980999999999545e-01
8.860000000000000000e+02 9.841543391812865860e-01 7.109106500000000883e-01
8.870000000000000000e+02 9.841481169590643452e-01 7.554818500000000103e-01
8.880000000000000000e+02 9.841498128654970756e-01 7.045489999999998698e-01
8.890000000000000000e+02 9.842324912280702165e-01 6.902262000000001230e-01
8.900000000000000000e+02 9.839336608187134736e-01 7.779391999999998308e-01
8.910000000000000000e+02 9.842084561403509069e-01 7.838965500000000253e-01
8.920000000000000000e+02 9.842643976608187462e-01 7.609531999999999963e-01
8.930000000000000000e+02 9.842598128654971301e-01 7.898982500000000240e-01
8.940000000000000000e+02 9.841090643274853500e-01 7.303470999999999158e-01
8.950000000000000000e+02 9.842883040935672678e-01 7.460170999999997665e-01
8.960000000000000000e+02 9.841229590643274516e-01 7.797176500000000399e-01
8.970000000000000000e+02 9.842612163742689990e-01 7.914070500000001118e-01
8.980000000000000000e+02 9.843419064327485479e-01 7.979620000000000601e-01
8.990000000000000000e+02 9.841590409356725244e-01 7.474681999999999160e-01
9.000000000000000000e+02 9.842094385964912373e-01 7.917217500000000019e-01
9.010000000000000000e+02 9.840955672514619668e-01 7.878904500000000199e-01
9.020000000000000000e+02 9.842732982456140478e-01 8.000869999999999926e-01
9.030000000000000000e+02 9.840442456140351402e-01 7.750618500000000521e-01
9.040000000000000000e+02 9.841772748538011317e-01 7.944574999999999276e-01
9.050000000000000000e+02 9.843374269005847887e-01 7.798146499999999426e-01
9.060000000000000000e+02 9.843255321637427446e-01 8.066410000000000524e-01
9.070000000000000000e+02 9.840923859649123306e-01 7.552602000000000482e-01
9.080000000000000000e+02 9.842965029239766350e-01 7.895921999999999663e-01
9.090000000000000000e+02 9.842841871345029414e-01 7.927443999999999047e-01
9.100000000000000000e+02 9.842951111111111206e-01 7.763754499999999670e-01
9.110000000000000000e+02 9.841142339181286891e-01 8.053151000000000614e-01
9.120000000000000000e+02 9.843057543859649039e-01 7.656821499999999503e-01
9.130000000000000000e+02 9.844387836257310065e-01 8.013658500000000462e-01
9.140000000000000000e+02 9.844180584795321209e-01 7.442087999999998926e-01
9.150000000000000000e+02 9.841798362573099812e-01 7.564589999999999925e-01
9.160000000000000000e+02 9.842805614035088357e-01 7.478447000000000289e-01
9.170000000000000000e+02 9.843754853801169880e-01 8.046775999999999929e-01
9.180000000000000000e+02 9.843638596491227633e-01 7.223070000000000324e-01
9.190000000000000000e+02 9.841992631578947437e-01 7.311582999999998167e-01
9.200000000000000000e+02 9.840395672514620218e-01 7.754438500000000456e-01
9.210000000000000000e+02 9.843028888888889494e-01 7.390183000000000169e-01
9.220000000000000000e+02 9.844869941520467682e-01 7.905336999999998948e-01
9.230000000000000000e+02 9.841171695906433259e-01 8.063553500000000263e-01
9.240000000000000000e+02 9.842848304093567702e-01 7.651662999999999659e-01
9.250000000000000000e+02 9.842203274853801309e-01 7.258968500000000379e-01
9.260000000000000000e+02 9.842940818713450390e-01 7.715034500000000905e-01
9.270000000000000000e+02 9.843184444444444958e-01 7.797065999999999164e-01
9.280000000000000000e+02 9.842453333333333054e-01 7.620774999999998522e-01
9.290000000000000000e+02 9.840401286549708137e-01 7.890075499999998909e-01
9.300000000000000000e+02 9.843142690058479527e-01 6.842340999999998452e-01
9.310000000000000000e+02 9.842685847953216438e-01 7.403901000000001620e-01
9.320000000000000000e+02 9.844488538011695322e-01 7.802970500000000476e-01
9.330000000000000000e+02 9.841906900584795892e-01 7.133327500000001820e-01
9.340000000000000000e+02 9.842402690058479342e-01 8.235846999999999474e-01
9.350000000000000000e+02 9.843467017543859887e-01 7.954842999999999220e-01
9.360000000000000000e+02 9.841772514619883117e-01 7.878002499999999797e-01
9.370000000000000000e+02 9.843138245614034831e-01 7.487622999999998807e-01
9.380000000000000000e+02 9.841751578947368628e-01 8.033191999999999000e-01
9.390000000000000000e+02 9.842206549707602781e-01 7.311775499999999539e-01
9.400000000000000000e+02 9.844242807017543617e-01 8.104849499999999818e-01
9.410000000000000000e+02 9.842970409356724959e-01 7.776627999999999874e-01
9.420000000000000000e+02 9.844409239766082065e-01 7.046248499999999693e-01
9.430000000000000000e+02 9.843809473684210776e-01 7.323779499999998333e-01
9.440000000000000000e+02 9.843101871345029119e-01 7.897487000000000812e-01
9.450000000000000000e+02 9.843439532163742456e-01 7.750551500000000260e-01
9.460000000000000000e+02 9.842724912280701455e-01 7.900167999999999635e-01
9.470000000000000000e+02 9.843987836257309665e-01 7.525289500000000853e-01
9.480000000000000000e+02 9.841642573099415037e-01 7.844845499999999472e-01
9.490000000000000000e+02 9.843390526315789479e-01 7.129301000000000110e-01
9.500000000000000000e+02 9.844475555555555202e-01 7.617735500000000215e-01
9.510000000000000000e+02 9.843064678362573039e-01 7.346985999999999795e-01
9.520000000000000000e+02 9.843836608187134241e-01 7.676607499999997808e-01
9.530000000000000000e+02 9.843256023391813159e-01 6.955641000000001295e-01
9.540000000000000000e+02 9.845112865497075427e-01 7.568087500000000301e-01
9.550000000000000000e+02 9.844941871345028739e-01 7.719000499999999487e-01
9.560000000000000000e+02 9.843236257309941895e-01 7.506619999999999404e-01
9.570000000000000000e+02 9.839077543859648944e-01 7.865822000000000092e-01
9.580000000000000000e+02 9.841421637426900348e-01 7.814608499999998736e-01
9.590000000000000000e+02 9.841342923976608148e-01 7.741187499999999666e-01
9.600000000000000000e+02 9.845447953216374115e-01 7.909218000000000082e-01
9.610000000000000000e+02 9.841884678362573524e-01 7.234535000000001936e-01
9.620000000000000000e+02 9.844721286549708017e-01 8.062103499999999645e-01
9.630000000000000000e+02 9.844025263157895056e-01 7.401796500000000778e-01
9.640000000000000000e+02 9.842959181286550230e-01 8.035461500000000701e-01
9.650000000000000000e+02 9.843643391812865184e-01 7.767977500000000646e-01
9.660000000000000000e+02 9.842158128654970861e-01 6.924871999999998584e-01
9.670000000000000000e+02 9.842519064327485134e-01 6.441078499999999263e-01
9.680000000000000000e+02 9.843259649122807486e-01 8.054902499999999632e-01
9.690000000000000000e+02 9.843881520467836488e-01 6.150117999999999974e-01
9.700000000000000000e+02 9.839509824561403217e-01 7.288989500000000454e-01
9.710000000000000000e+02 9.842715555555555662e-01 7.143232500000000762e-01
9.720000000000000000e+02 9.842675789473683823e-01 7.696945499999998663e-01
9.730000000000000000e+02 9.843189707602338911e-01 7.745608999999998856e-01
9.740000000000000000e+02 9.843319883040935192e-01 6.822284499999998753e-01
9.750000000000000000e+02 9.842991461988304103e-01 8.079609999999999292e-01
9.760000000000000000e+02 9.845372163742690530e-01 6.984320000000000528e-01
9.770000000000000000e+02 9.845036491228069675e-01 7.822117499999998724e-01
9.780000000000000000e+02 9.841563742690058181e-01 7.805224999999998969e-01
9.790000000000000000e+02 9.843047953216373935e-01 7.266070499999999210e-01
9.800000000000000000e+02 9.842807719298245495e-01 7.880355000000001109e-01
9.810000000000000000e+02 9.845911461988303692e-01 7.604266000000000636e-01
9.820000000000000000e+02 9.844554152046783857e-01 7.792599499999999235e-01
9.830000000000000000e+02 9.843392280701754871e-01 7.642995499999998277e-01
9.840000000000000000e+02 9.844384678362573249e-01 7.504983499999999808e-01
9.850000000000000000e+02 9.844556959064327817e-01 7.319544999999998414e-01
9.860000000000000000e+02 9.841683859649122956e-01 7.808317999999998538e-01
9.870000000000000000e+02 9.844446198830408834e-01 6.946433499999998817e-01
9.880000000000000000e+02 9.844515321637427041e-01 7.202823499999999601e-01
9.890000000000000000e+02 9.843937543859648809e-01 6.648566999999999672e-01
9.900000000000000000e+02 9.846381286549708012e-01 7.119340499999999849e-01
9.910000000000000000e+02 9.845745029239766355e-01 8.052582499999998422e-01
9.920000000000000000e+02 9.846236374269006220e-01 7.945100500000000787e-01
9.930000000000000000e+02 9.840156374269005690e-01 7.834944499999999534e-01
9.940000000000000000e+02 9.842776842105263047e-01 7.538684500000001343e-01
9.950000000000000000e+02 9.842089473684210166e-01 7.341651500000001551e-01
9.960000000000000000e+02 9.844302339181286721e-01 8.084400000000000475e-01
9.970000000000000000e+02 9.845894736842105699e-01 7.858506499999999839e-01
9.980000000000000000e+02 9.841174502923977219e-01 7.347926500000000472e-01
9.990000000000000000e+02 9.843030643274853775e-01 7.828688499999998385e-01
1.000000000000000000e+03 9.844447251461988513e-01 7.502482999999998681e-01
