1.000000000000000000e+00 8.570908944099377980e-01 6.368044499999998553e-01
2.000000000000000000e+00 8.655406397515530426e-01 6.220996500000003371e-01
3.000000000000000000e+00 8.724316894409936962e-01 5.745152750000005470e-01
4.000000000000000000e+00 8.787763913043478148e-01 5.362050750000006971e-01
5.000000000000000000e+00 8.851758819875773510e-01 6.077541749999999521e-01
6.000000000000000000e+00 8.892039440993786403e-01 5.890407500000003349e-01
7.000000000000000000e+00 8.949806645962732343e-01 6.425145999999999358e-01
8.000000000000000000e+00 8.990477639751554007e-01 5.471202000000005006e-01
9.000000000000000000e+00 9.029485403726705828e-01 6.231610250000002571e-01
1.000000000000000000e+01 9.071274099378883182e-01 6.780964250000001137e-01
1.100000000000000000e+01 9.096621987577641066e-01 7.076319499999998985e-01
1.200000000000000000e+01 9.138680993788820262e-01 6.306138750000001014e-01
1.300000000000000000e+01 9.161144472049689291e-01 6.294817999999998692e-01
1.400000000000000000e+01 9.190680434782609876e-01 6.802741999999997180e-01
1.500000000000000000e+01 9.215439192546583946e-01 6.134790750000002069e-01
1.600000000000000000e+01 9.247187267080745343e-01 6.383165250000002455e-01
1.700000000000000000e+01 9.273737453416148746e-01 6.023644000000003551e-01
1.800000000000000000e+01 9.294781055900620537e-01 5.510671750000002422e-01
1.900000000000000000e+01 9.327342173913042433e-01 6.220265999999998741e-01
2.000000000000000000e+01 9.344873043478261199e-01 6.041157250000001033e-01
2.100000000000000000e+01 9.366286645962733637e-01 6.167210000000000747e-01
2.200000000000000000e+01 9.391186335403727270e-01 5.606293000000002191e-01
2.300000000000000000e+01 9.406079689440993707e-01 6.815156749999997654e-01
2.400000000000000000e+01 9.427650434782608446e-01 5.741572750000002445e-01
2.500000000000000000e+01 9.448171118012422820e-01 6.215438250000001608e-01
2.600000000000000000e+01 9.465101614906832328e-01 6.212575000000004621e-01
2.700000000000000000e+01 9.483424037267080831e-01 5.634493000000002638e-01
2.800000000000000000e+01 9.495424347826088018e-01 6.537566500000002723e-01
2.900000000000000000e+01 9.511585403726708909e-01 6.750394500000000964e-01
3.000000000000000000e+01 9.524353291925464760e-01 6.325024999999999675e-01
3.100000000000000000e+01 9.539086335403725858e-01 6.015129000000004611e-01
3.200000000000000000e+01 9.555744844720496234e-01 5.840029250000000616e-01
3.300000000000000000e+01 9.565843602484471742e-01 6.322547000000005024e-01
3.400000000000000000e+01 9.575968322981366354e-01 5.747994000000000714e-01
3.500000000000000000e+01 9.587681614906832239e-01 5.536121500000003026e-01
3.600000000000000000e+01 9.594625465838509948e-01 6.629134250000005002e-01
3.700000000000000000e+01 9.603336273291925851e-01 6.806046999999999514e-01
3.800000000000000000e+01 9.615574099378881856e-01 5.398920999999997639e-01
3.900000000000000000e+01 9.621274596273291513e-01 5.633910749999999634e-01
4.000000000000000000e+01 9.630248944099378816e-01 6.453797750000000999e-01
4.100000000000000000e+01 9.634785403726708886e-01 6.231364500000007300e-01
4.200000000000000000e+01 9.646862298136645864e-01 6.187004750000004716e-01
4.300000000000000000e+01 9.650610807453416928e-01 5.519420499999998508e-01
4.400000000000000000e+01 9.653866335403726850e-01 6.532867499999999161e-01
4.500000000000000000e+01 9.663356459627330253e-01 6.302233999999999892e-01
4.600000000000000000e+01 9.669156708074534423e-01 6.576093999999998996e-01
4.700000000000000000e+01 9.673704906832297779e-01 5.968757749999999973e-01
4.800000000000000000e+01 9.678485465838509993e-01 6.309855749999999652e-01
4.900000000000000000e+01 9.681802298136645835e-01 5.801004499999999897e-01
5.000000000000000000e+01 9.687147950310559530e-01 5.915803500000003101e-01
5.100000000000000000e+01 9.691594782608696779e-01 5.947617499999999779e-01
5.200000000000000000e+01 9.695811118012422902e-01 6.036735250000002662e-01
5.300000000000000000e+01 9.700491304347825805e-01 6.281834250000001285e-01
5.400000000000000000e+01 9.705000062111801551e-01 5.644138750000000648e-01
5.500000000000000000e+01 9.707647267080744546e-01 6.653149250000001125e-01
5.600000000000000000e+01 9.712343726708074776e-01 5.892135500000006409e-01
5.700000000000000000e+01 9.715187142857142355e-01 6.056166500000004227e-01
5.800000000000000000e+01 9.719405652173913612e-01 6.111524000000003731e-01
5.900000000000000000e+01 9.723004906832298788e-01 6.250567500000006049e-01
6.000000000000000000e+01 9.725034409937888258e-01 6.519732750000000188e-01
6.100000000000000000e+01 9.726762298136645279e-01 6.566475999999998869e-01
6.200000000000000000e+01 9.732186770186335156e-01 6.146940000000002957e-01
6.300000000000000000e+01 9.732583416149067634e-01 6.904420249999998482e-01
6.400000000000000000e+01 9.738063602484472447e-01 6.961669250000001030e-01
6.500000000000000000e+01 9.740367577639751362e-01 6.232509000000001631e-01
6.600000000000000000e+01 9.742647204968943875e-01 5.920066750000001488e-01
6.700000000000000000e+01 9.743476211180124302e-01 6.440750000000002862e-01
6.800000000000000000e+01 9.747429192546583909e-01 6.364398000000001110e-01
6.900000000000000000e+01 9.748946024844720171e-01 5.743428750000001415e-01
7.000000000000000000e+01 9.753598881987578517e-01 7.034773000000000831e-01
7.100000000000000000e+01 9.754209565217391020e-01 6.601004000000001426e-01
7.200000000000000000e+01 9.756302422360249027e-01 5.762833250000003460e-01
7.300000000000000000e+01 9.756763850931676751e-01 6.324359749999999281e-01
7.400000000000000000e+01 9.758914968944099044e-01 6.219304250000003975e-01
7.500000000000000000e+01 9.760935403726708204e-01 7.246334250000001642e-01
7.600000000000000000e+01 9.765719999999999956e-01 5.974734000000001544e-01
7.700000000000000000e+01 9.765832732919255132e-01 5.791503499999999249e-01
7.800000000000000000e+01 9.768926024844720724e-01 5.785412250000006029e-01
7.900000000000000000e+01 9.768020869565218200e-01 6.618319500000000577e-01
8.000000000000000000e+01 9.771208509316769986e-01 7.288296250000002585e-01
8.100000000000000000e+01 9.772978695652173586e-01 6.443378500000002118e-01
8.200000000000000000e+01 9.774762360248446802e-01 6.533193250000002283e-01
8.300000000000000000e+01 9.775586335403726457e-01 5.665889499999996470e-01
8.400000000000000000e+01 9.778420310559006179e-01 6.348908500000001176e-01
8.500000000000000000e+01 9.778608633540372130e-01 6.443254750000002584e-01
8.600000000000000000e+01 9.779777577639751085e-01 6.135423500000002361e-01
8.700000000000000000e+01 9.781569316770186706e-01 6.477945750000002612e-01
8.800000000000000000e+01 9.782373975155279622e-01 6.293119750000002455e-01
8.900000000000000000e+01 9.783847826086956578e-01 5.482051249999998488e-01
9.000000000000000000e+01 9.784757826086956101e-01 5.783009749999997728e-01
9.100000000000000000e+01 9.787234099378882002e-01 6.053549250000000992e-01
9.200000000000000000e+01 9.788829503105590524e-01 5.772814000000006107e-01
9.300000000000000000e+01 9.788834037267080124e-01 6.040997500000004905e-01
9.400000000000000000e+01 9.790975465838509528e-01 6.379283000000001147e-01
9.500000000000000000e+01 9.790701118012422599e-01 6.037986750000003955e-01
9.600000000000000000e+01 9.791207577639751136e-01 6.048465249999999127e-01
9.700000000000000000e+01 9.794795341614906947e-01 6.503814250000000685e-01
9.800000000000000000e+01 9.793336645962733567e-01 6.310627750000004088e-01
9.900000000000000000e+01 9.796328012422360620e-01 6.407113500000003459e-01
1.000000000000000000e+02 9.796645590062111886e-01 6.237416000000001182e-01
1.010000000000000000e+02 9.798329068322981783e-01 6.184695000000002274e-01
1.020000000000000000e+02 9.799499937888198620e-01 5.822212000000002163e-01
1.030000000000000000e+02 9.800237515527949750e-01 6.176823249999998655e-01
1.040000000000000000e+02 9.800522981366459607e-01 6.249007750000001860e-01
1.050000000000000000e+02 9.801581614906832440e-01 6.553430249999996349e-01
1.060000000000000000e+02 9.803996832298136344e-01 6.826705750000003903e-01
1.070000000000000000e+02 9.804801118012422823e-01 6.355584749999998451e-01
1.080000000000000000e+02 9.804596770186335686e-01 5.750459999999997240e-01
1.090000000000000000e+02 9.805863850931676451e-01 6.433172000000000335e-01
1.100000000000000000e+02 9.807184037267080434e-01 6.381679500000001504e-01
1.110000000000000000e+02 9.807899565217390592e-01 6.343164999999999498e-01
1.120000000000000000e+02 9.808468881987577603e-01 6.385312999999999128e-01
1.130000000000000000e+02 9.808454347826086606e-01 6.923691249999999187e-01
1.140000000000000000e+02 9.808755900621117796e-01 6.988729750000000074e-01
1.150000000000000000e+02 9.811749068322981326e-01 5.315788500000004912e-01
1.160000000000000000e+02 9.811179254658385362e-01 7.008629750000000547e-01
1.170000000000000000e+02 9.812676708074534737e-01 5.333879500000006102e-01
1.180000000000000000e+02 9.812417080745341469e-01 5.745314000000003585e-01
1.190000000000000000e+02 9.814704347826086472e-01 6.050300500000000969e-01
1.200000000000000000e+02 9.814513913043478865e-01 6.647580750000003924e-01
1.210000000000000000e+02 9.815713602484471556e-01 5.947785250000002799e-01
1.220000000000000000e+02 9.815644968944099436e-01 6.815352499999998148e-01
1.230000000000000000e+02 9.816110993788820238e-01 5.917611250000003320e-01
1.240000000000000000e+02 9.816890372670806775e-01 6.726632250000006419e-01
1.250000000000000000e+02 9.818428571428571283e-01 5.912945000000000562e-01
1.260000000000000000e+02 9.819173788819876014e-01 7.040607250000003869e-01
1.270000000000000000e+02 9.820264472049690108e-01 6.049126500000003848e-01
1.280000000000000000e+02 9.820069751552794601e-01 6.373926750000001862e-01
1.290000000000000000e+02 9.821373478260869705e-01 6.590949249999995541e-01
1.300000000000000000e+02 9.821915217391303798e-01 6.299814250000002058e-01
1.310000000000000000e+02 9.821549378881987424e-01 5.728330749999999139e-01
1.320000000000000000e+02 9.822153354037266304e-01 5.967895000000005279e-01
1.330000000000000000e+02 9.823000124223602025e-01 5.579916499999997281e-01
1.340000000000000000e+02 9.824202608695652428e-01 6.679484749999997639e-01
1.350000000000000000e+02 9.824029751552794121e-01 6.144798000000001315e-01
1.360000000000000000e+02 9.825149130434782663e-01 6.231717500000003573e-01
1.370000000000000000e+02 9.824558819875776061e-01 6.340276250000005387e-01
1.380000000000000000e+02 9.825690559006211577e-01 6.692415250000000038e-01
1.390000000000000000e+02 9.825809316770186541e-01 5.593381500000005335e-01
1.400000000000000000e+02 9.825760000000000050e-01 5.836020500000002054e-01
1.410000000000000000e+02 9.826552484472049764e-01 6.712863000000000024e-01
1.420000000000000000e+02 9.828421739130435153e-01 5.856222999999999290e-01
1.430000000000000000e+02 9.828274844720497061e-01 6.734704249999998726e-01
1.440000000000000000e+02 9.829524782608695110e-01 6.464837750000003158e-01
1.450000000000000000e+02 9.829190559006211192e-01 5.722564500000000276e-01
1.460000000000000000e+02 9.831184223602483785e-01 6.839708000000001009e-01
1.470000000000000000e+02 9.830068509316770564e-01 6.599752500000000133e-01
1.480000000000000000e+02 9.830932919254657953e-01 6.753972499999999490e-01
1.490000000000000000e+02 9.832436086956521937e-01 6.052178249999999871e-01
1.500000000000000000e+02 9.831561739130434407e-01 5.805377750000001447e-01
1.510000000000000000e+02 9.833355217391304137e-01 6.426714499999999219e-01
1.520000000000000000e+02 9.832995590062112434e-01 5.998353500000002114e-01
1.530000000000000000e+02 9.832332732919254470e-01 6.334704500000003513e-01
1.540000000000000000e+02 9.833791552795031476e-01 5.860034499999999813e-01
1.550000000000000000e+02 9.833217950310558786e-01 6.533241750000002845e-01
1.560000000000000000e+02 9.832983726708074412e-01 5.488929500000002681e-01
1.570000000000000000e+02 9.834888322981366615e-01 6.122683500000002388e-01
1.580000000000000000e+02 9.833929254658384522e-01 6.644035000000002578e-01
1.590000000000000000e+02 9.835201614906832202e-01 5.395292000000002641e-01
1.600000000000000000e+02 9.835535155279503394e-01 6.857313000000001546e-01
1.610000000000000000e+02 9.836421055900621546e-01 6.350825999999998306e-01
1.620000000000000000e+02 9.836865031055900266e-01 6.566043000000000296e-01
1.630000000000000000e+02 9.836236086956522406e-01 5.881607749999999690e-01
1.640000000000000000e+02 9.837232670807453117e-01 6.950111000000001038e-01
1.650000000000000000e+02 9.838017577639751599e-01 6.466382500000001921e-01
1.660000000000000000e+02 9.839531118012422306e-01 5.793626499999999790e-01
1.670000000000000000e+02 9.838576149068323229e-01 6.489616000000000273e-01
1.680000000000000000e+02 9.838579378881987525e-01 5.624881750000000347e-01
1.690000000000000000e+02 9.839799254658384564e-01 5.976366250000002545e-01
1.700000000000000000e+02 9.839808633540373384e-01 6.364647250000005085e-01
1.710000000000000000e+02 9.839750807453415682e-01 5.949182249999999117e-01
1.720000000000000000e+02 9.840103105590062293e-01 5.546521500000000104e-01
1.730000000000000000e+02 9.840677639751552741e-01 5.821472750000002971e-01
1.740000000000000000e+02 9.840723850931677452e-01 5.942904000000002185e-01
1.750000000000000000e+02 9.841381614906832276e-01 6.254629750000002542e-01
1.760000000000000000e+02 9.841096894409938622e-01 6.043836500000000500e-01
1.770000000000000000e+02 9.842556956521738565e-01 6.205489000000001809e-01
1.780000000000000000e+02 9.842779937888198605e-01 6.057803250000004525e-01
1.790000000000000000e+02 9.842767018633540310e-01 6.524064250000002341e-01
1.800000000000000000e+02 9.843842484472049570e-01 5.721428250000004656e-01
1.810000000000000000e+02 9.843634472049689332e-01 5.515308000000003208e-01
1.820000000000000000e+02 9.843988819875776342e-01 5.405801250000003000e-01
1.830000000000000000e+02 9.844361863354037512e-01 5.771251250000004607e-01
1.840000000000000000e+02 9.844761614906831770e-01 6.894048250000002209e-01
1.850000000000000000e+02 9.845041242236024503e-01 6.016645250000001166e-01
1.860000000000000000e+02 9.844770248447205496e-01 6.225067499999998866e-01
1.870000000000000000e+02 9.845434844720496459e-01 5.307860999999998164e-01
1.880000000000000000e+02 9.846013540372671180e-01 6.005979750000006723e-01
1.890000000000000000e+02 9.845667950310559302e-01 5.865101750000003555e-01
1.900000000000000000e+02 9.846625031055901145e-01 6.810906750000003118e-01
1.910000000000000000e+02 9.846632298136646089e-01 5.525709249999999351e-01
1.920000000000000000e+02 9.846833416149068929e-01 5.863222750000001149e-01
1.930000000000000000e+02 9.846916024844720727e-01 6.377648250000003127e-01
1.940000000000000000e+02 9.847249813664595841e-01 5.904517750000004561e-01
1.950000000000000000e+02 9.846993229813664206e-01 6.358022750000000833e-01
1.960000000000000000e+02 9.847465031055900875e-01 6.390757499999999425e-01
1.970000000000000000e+02 9.847550186335403133e-01 6.477173750000000396e-01
1.980000000000000000e+02 9.848225093167701782e-01 5.832055000000002654e-01
1.990000000000000000e+02 9.849054285714285983e-01 6.180717999999999490e-01
2.000000000000000000e+02 9.848986521739130362e-01 6.802287000000001305e-01
